22 0 0 0.00010844811829485949 1182 1 0 0.00036196578337765166 1093 5 49 0.0005164962473275912 1709 
24 0 638 0.00012154083751902736 1725 5 0 1.5692069810012667e-06 757 
31 0 0 8.832806881697372e-06 824 5 23 6.873186161838276e-05 1382 
65 0 0 4.109320959309049e-08 882 5 173 3.240802229039888e-05 1855 
74 0 113 9.525106022794598e-06 1751 5 0 8.021659772474348e-07 543 
77 0 0 2.8722417877842977e-06 1736 5 100 4.832600212224972e-06 1473 
81 0 27 1.8731134340466782e-06 1736 5 0 2.2958456595332172e-07 77 
91 0 29 0.00041328846214163875 639 1 0 0.000155495967358518 1582 
93 1 60 0.0006787992831020056 1777 5 0 2.3386773398037642e-05 1771 
113 1 0 3.589593173719468e-07 1438 5 18 5.9440142682643986e-05 1519 
121 0 50 0.0005740109300577226 1167 5 0 0.0003859216654422668 122 
233 1 14 0.0003782101752018962 1647 5 0 4.807716298132458e-06 1771 
265 1 0 4.905673065831932e-07 591 5 13 0.00014836958169342363 1263 
271 0 0 7.624246544236068e-06 1061 5 28 4.435213445583255e-05 1784 
301 0 35 2.5007215703998205e-06 1711 5 0 6.027042960395406e-08 792 
303 0 0 4.028008112493225e-08 74 5 31 1.9490119188749945e-06 543 
326 1 7 0.0008491665822744977 1706 5 0 0.00011570353422571301 748 
357 0 1 1.6604224447996032e-05 1668 5 0 3.6678740520305647e-06 31 
358 0 0 8.506437971874024e-05 835 5 69 0.0009687262767813309 1545 
359 0 4 2.3103574375694194e-07 757 5 0 1.83196256253847e-07 757 
397 0 32 0.00016428851106077363 639 1 0 0.00012867392043943034 1031 
405 0 149 1.3813984761020673e-05 1735 5 0 4.750897389851526e-07 1249 
510 0 0 4.8201757143208496e-05 91 1 12 0.00047208690335695503 1582 
513 0 63 6.374037343642758e-06 24 5 0 4.147071563693695e-07 757 
534 0 61 2.342181112869585e-05 1712 5 0 2.2873156871395854e-05 1716 
569 0 285 2.0996113529349103e-05 1760 5 0 1.812852097070515e-05 1662 
591 1 1 7.325623278968822e-05 1036 5 0 1.5612609210434695e-05 265 
604 0 2 4.616214017042621e-05 1644 1 0 4.252885329572427e-06 1870 
652 0 1 1.7870716848210986e-05 948 1 0 1.5093431651828231e-05 185 
702 0 21 1.5136267604800051e-05 1182 1 0 9.633829395225546e-06 1182 
735 0 116 0.0026255983799077535 1340 1 0 2.0021022592368023e-05 1874 
748 1 0 3.630237306968041e-05 326 5 17 0.0007336586729304349 1678 
750 1 0 1.824652142140169e-05 1438 5 3 0.0011726947885785843 1766 
757 0 0 9.046851323353709e-06 882 5 72 1.5386214676687188e-05 1722 
792 0 0 8.847405019078779e-07 1007 5 52 2.055079498109881e-06 308 
802 1 2 0.0001835911326536352 326 5 0 1.0704493463855173e-06 983 
835 0 0 0.0006517998527523093 1422 5 291 0.0008103735752476608 1154 
857 0 0 3.0284188077342728e-06 1569 5 46 4.2509296922846505e-06 1317 
870 0 0 8.114546517049137e-07 1739 5 95 5.215278348308851e-06 522 
882 0 85 2.6033859430945874e-05 1725 5 0 2.4999606906714247e-07 65 
942 0 79 0.00042424228626040527 1554 5 0 0.00025811528123962664 122 
948 0 6 8.796054325642027e-05 31414 1 0 1.694837436133661e-07 32220 
984 1 0 0.00031998562652157085 772 5 9 0.0004981215539786545 1707 
991 0 38 2.974399689250774e-06 998 5 0 1.6558728107812949e-06 55 
1007 0 32 1.4638832511303541e-06 1711 5 0 3.225248870468416e-09 74 
1008 0 46 2.6133573821396775e-06 1735 5 0 6.742956178760359e-07 1249 
1061 0 22 9.443172021931037e-05 1871 5 0 4.6619678074961045e-07 271 
1074 0 0 4.7981105102571635e-06 1258 1 1 1.8649398489767507e-05 601 
1079 0 0 3.2368311165326684e-06 962 5 556 7.894024688349317e-05 1758 
1182 0 144 0.0007688133836617091 1867 1 0 0.00058617561183879 1648 
1210 0 353 2.4428136378022733e-05 1617 5 0 5.747176122006598e-06 765 
1217 0 0 0.00021161756464882156 158 5 209 0.0014372781073513925 1789 
1249 0 0 1.2938695370997098e-07 1749 5 109 3.773771954628484e-05 1755 
1250 0 0 3.892170539958115e-07 569 5 74 3.375184446022999e-06 1757 
1251 0 104 1.966878458982954e-05 675 5 0 3.462298910206536e-06 1757 
1258 0 63 0.00025166393945021 1661 1 0 7.790820204985296e-05 1181 
1262 1 0 4.575238792355059e-05 809 5 3 0.000102586537576513 1038 
1292 0 6 6.853860061489805e-05 955 1 0 6.074381385109761e-06 1181 
1294 0 0 2.377966179637838e-06 1217 5 56 0.0001430321013203583 1817 
1295 0 0 2.953277015345106e-05 1673 5 3 0.00015022226684656948 1548 
1395 0 75 7.89644104583111e-06 24 5 0 1.400208454177461e-06 537 
1419 0 84 0.00026613163523079073 1674 1 0 9.562815676935648e-05 1181 
1438 1 24 0.001695932212259006 1767 5 0 2.7527096741098533e-05 1766 
1511 1 13 0.0002170924849973831 159 5 0 5.5034859502649814e-05 1709 
1555 1 18 0.00017291350007255397 1512 5 0 6.561149274944467e-07 1511 
1583 0 0 5.786729731235181e-06 864 1 1 2.5483491268782578e-05 400 
1673 0 49 0.00026170188390773713 839 5 0 1.5586580923001495e-06 1217 
1676 0 0 7.3320043960114685e-06 286 5 75 4.176278060404783e-05 1717 
1684 0 30 0.00027501902461677383 1358 1 0 1.978517883204515e-06 1419 
1715 0 33 5.4366653132842726e-06 1630 5 0 1.2133486867222477e-06 1208 
1739 0 73 5.0512750976988505e-06 962 5 0 6.925279023373444e-07 1824 
1749 0 367 5.248437890914704e-05 1751 5 0 1.220590858780698e-09 1249 
1771 1 0 0.00032331488089950867 1777 5 23 0.0008403360966006171 1709 
1819 0 0 4.2190092343105236e-05 1492 1 25 0.0002469425536570334 1031 
1874 0 51 0.00045649991523760984 1032 1 0 5.606570776251454e-05 1870 
14151 3 0 0.0001697169190471187 16782 4 67 0.001274289064952998 16637 
14212 3 0 0.00017022983297050975 15265 4 35 0.0005869154215295955 215951 
14229 3 0 5.70028762477714e-06 15423 4 11 1.1572711875229138e-05 16349 
14267 3 65 0.0001422949313257588 15960 4 87 0.00012641048967441425 16657 
14272 3 183 0.00026439379404470426 16662 4 0 3.745990955260636e-06 14637 
14273 3 0 3.3477873808509834e-05 16735 4 10 4.745417419155059e-05 14260 
14299 4 117 0.0006553482368813222 16609 6 0 2.6547684618701555e-05 15904 
14512 3 0 7.609408022541862e-07 14897 4 74 0.0004267089141977022 16288 
14566 3 0 0.0006913811372838678 15960 4 304 0.0005870556832163203 16602 
14634 3 0 0.00014133612195326635 15960 4 64 0.0002554969455470437 16664 
14637 3 0 0.00011394570196492872 16665 4 99 0.00021167947503521263 16664 
14652 3 38 6.462486299497542e-05 16698 4 0 5.4947071505107934e-05 16349 
14664 3 6 2.2608667205997012e-06 14275 4 0 3.640527939894966e-08 14260 
14897 3 0 2.7453886484997564e-05 16584 4 4 5.391106951509314e-05 16292 
15085 3 0 5.828432986068953e-07 14151 4 12 3.3053527013923283e-06 14151 
15198 3 9 0.00013125965505964837 15726 4 0 4.0278018440470826e-05 15919 
15249 3 0 6.37685081829223e-06 14917 4 4 1.0571093681661957e-05 15935 
15266 3 0 0.00010476013736818987 16715 4 90 0.0004499909071318975 15948 
15309 3 0 9.0172265379823e-06 16698 4 14 1.1259504962049236e-05 16690 
15572 3 36 2.274857720193287e-05 16741 4 0 5.105682798081032e-06 15918 
15605 3 82 0.0026810931077899695 16584 4 0 0.00010598199171015071 16292 
15627 3 0 0.00013384308276599715 215549 4 52 0.00013569380523408825 216432 
15712 3 0 4.362436478116485e-06 15396 4 18 9.222589521877026e-06 16389 
15761 3 10 3.8814337356651754e-05 16402 4 0 2.7555072643378458e-05 15919 
15767 3 96 3.068439275692656e-05 15967 4 0 9.193824307068966e-08 14229 
15918 3 89 0.0002839355648555937 16741 4 0 8.458413464450528e-05 16390 
15934 3 0 3.7967387322563166e-05 14917 4 37 0.0003061279046774708 15936 
15947 3 0 0.00015015400217770745 16402 4 27 0.0005483927473223847 15919 
16008 3 0 1.564036482043816e-05 16734 4 55 7.915539167962214e-05 16658 
16219 3 0 1.3118949048154163e-05 16334 4 34 5.250996745195101e-05 16658 
19472 0 14 1.5183033508055665e-05 26167 3 0 7.66828991955696e-07 21119 
19585 0 15 1.1622759943099226e-06 23067 3 0 7.300650569334495e-08 23930 
19735 0 0 5.781832298728198e-06 24728 3 19 4.964337370127063e-05 21021 
19870 0 87 9.790311956114264e-05 25240 3 0 3.724704593887131e-05 24804 
20057 0 0 4.2029078197972634e-05 23553 3 6 8.494980880216561e-05 22709 
20196 0 0 1.2662059829634959e-06 25054 3 28 4.840549101699872e-05 26232 
20232 0 9 0.0002235191931822344 226151 3 0 2.586662781780176e-05 19735 
20336 0 0 3.6802999271003933e-06 20438 3 155 0.0007114496365728797 25364 
20438 0 85 0.0003723877234544391 25392 3 0 8.508665204565218e-05 19559 
20465 0 0 7.350259515803391e-07 21366 3 361 7.511944048423304e-06 25681 
20503 0 0 5.7400065013120415e-05 25034 3 125 0.0006883899419871556 21108 
20776 0 44 0.0007220591756310227 25997 3 0 4.584927236894576e-05 21108 
20974 0 29 5.017593764568641e-05 22008 3 0 2.344035854284705e-06 24588 
21361 0 0 1.2814504994996723e-07 23933 3 18 1.6978754500531928e-06 25514 
21366 0 62 1.1550105685393926e-05 25721 3 0 5.0351581458398e-07 23935 
21413 0 0 2.0921862512262626e-07 25733 3 11 1.6878333748819035e-06 23757 
21450 0 0 9.208032170449369e-05 23359 3 71 9.768607029552205e-05 25664 
21638 0 16 6.0826398302726735e-05 25973 3 0 1.4257542697325673e-05 20503 
21678 0 14 1.1706221852812863e-06 19888 3 0 6.97367814722364e-07 22399 
22091 0 24 8.639793162887216e-06 22716 3 0 7.207540337131122e-06 24406 
22096 0 0 1.4793298815307929e-05 25257 3 18 2.000424118469885e-05 24407 
22140 0 0 2.7186870546283893e-06 24800 3 23 4.59065544538066e-06 25664 
22233 0 23 3.210953051171772e-05 26181 3 0 2.1697349988268787e-05 23900 
22258 0 137 3.9181790296379584e-07 19641 3 6 4.0064309704081087e-07 23118 
22340 0 26 0.00031536907685228704 23839 3 0 0.00012810816914794344 23593 
22399 0 0 1.364664494643384e-10 25507 3 48 7.463449033542962e-06 22318 
22437 0 332 0.0008204294882516237 25296 3 0 1.0196303748440642e-05 25357 
22540 0 5 5.4844432337057056e-05 22437 3 0 2.814652816296204e-05 25850 
22642 0 0 4.538002957183071e-06 24728 3 4 6.5506090428417415e-06 19735 
22710 0 6 5.4443751617554745e-06 26162 3 0 1.3042838249986885e-08 24404 
22716 0 94 0.000126022031471538 25432 3 0 3.16600284530269e-08 22091 
23038 0 0 2.0841460414762643e-06 19561 3 47 0.00021789035845855867 26197 
23039 0 57 0.00012210492942731153 20479 3 0 7.123919257276795e-05 25519 
23066 0 11 6.685575250611442e-07 19586 3 0 5.219789749427307e-07 21361 
23074 0 36 3.885200621675077e-06 24800 3 0 2.376637832112548e-08 22140 
23097 0 0 0.00022743054487635043 25652 3 66 0.0004496569416237079 25318 
23251 0 179 4.114543118109798e-05 25057 3 0 1.9865200818950028e-05 25056 
23344 0 55 0.00012473780462030667 25997 3 0 4.755165379734253e-06 25507 
23523 0 11 3.503673181487131e-06 25270 3 0 5.380953185260306e-07 24404 
23549 0 0 3.5014155605704415e-05 22344 3 65 0.00015651904539434883 26160 
23660 0 52 0.00010940409096063338 25568 3 0 4.990142103942401e-05 24804 
23811 0 0 4.8782982327443496e-06 24033 3 250 8.489542767251284e-06 23810 
23919 0 0 8.172010942972901e-05 23344 3 62 0.0010713964680702966 25087 
23930 0 0 3.747276529074297e-08 19585 3 18 2.4668477347066842e-06 25511 
23933 0 18 3.411483666505534e-06 25685 3 0 3.7029783351031914e-07 25514 
23937 0 0 8.134916218216695e-07 23074 3 132 7.351522878204486e-06 24030 
24202 0 19 3.5472990814835026e-05 25035 3 0 3.368918516394333e-08 22340 
24203 0 2 1.6298370048287676e-06 25033 3 0 3.627394951779423e-07 20503 
24205 0 0 7.463982437301798e-05 26167 3 45 0.00016737249312708202 22002 
24243 0 0 1.237992280180178e-06 24202 3 30 2.5814819719840665e-05 21637 
24404 0 0 3.577304870020925e-06 24514 3 66 0.00015516935663005278 25499 
24510 0 23 5.91312046151985e-05 24728 3 0 4.060987138478525e-05 21021 
24587 0 42 2.43917495005652e-05 25430 3 0 4.126899999403497e-06 23806 
24588 0 0 4.5276856404435415e-06 19472 3 63 0.00023202943085966072 25269 
24653 0 63 0.00010310320407294423 24711 3 0 3.136156292709074e-05 25850 
24755 0 14 9.944054657908139e-07 23934 3 0 8.250725342117712e-07 25514 
24849 0 0 1.533626649221709e-05 23115 3 3 1.7752747007783994e-05 25664 
24853 0 0 5.825084762428785e-05 23359 3 47 0.00010986826987585376 25850 
25054 0 228 0.0001580841097100739 25240 3 0 5.036330289960423e-06 20196 
25257 0 259 0.00012165595605179718 25526 3 0 1.8724680948162975e-05 20969 
25428 0 0 8.410479239736283e-07 24205 3 31 0.00028957156807600233 25433 
25505 0 0 4.7844278974200265e-05 38522 3 122 0.0005072580570259272 25623 
25506 0 0 7.036534951106152e-07 22557 3 31 1.1940315048967994e-06 22318 
25507 0 248 0.0001072701603398605 25976 3 0 5.364457516016766e-05 25943 
25508 0 0 9.438588628175996e-07 20503 3 35 0.00011199634063712459 25180 
25600 0 22 8.67572764535117e-05 24728 3 0 9.706522046489027e-06 21021 
25676 0 0 1.8532617060292103e-07 25733 3 26 4.43536782938223e-06 25511 
25677 0 18 1.2666065814127423e-06 19587 3 0 9.541859073931502e-11 25676 
25682 0 4 4.331172946159282e-06 25683 3 0 1.8575560538570425e-06 25817 
25728 0 0 4.458410802025397e-06 24514 3 122 4.893065719799335e-05 26232 
25733 0 19 1.883535082893357e-06 22557 3 0 1.3889171095745497e-09 25676 
25975 0 5 1.668795934035171e-06 21679 3 0 2.297335659734987e-07 22399 
26161 0 191 0.00012609288477107494 25271 3 0 3.242534229003376e-06 25728 
31030 0 0 2.725840610832276e-07 32971 1 70 0.0001272984239389148 33126 
31109 0 21 1.809960772746854e-05 31121 1 0 1.45626277726131e-05 31903 
31131 0 67 0.00036672247257905894 33044 1 0 6.325434642114351e-05 32763 
31178 0 0 5.19215764153763e-05 31319 1 21 0.00035306517658475166 33113 
31226 0 0 0.000117289781363522 32116 1 29 9.514996113657348e-05 33118 
31249 0 0 7.040226000611e-07 32605 1 16 1.2798943999742742e-06 31576 
31378 0 21 8.49054769246835e-05 31866 1 0 4.5452429575446556e-05 31606 
31440 0 0 4.4291825634345634e-05 32119 1 27 4.752128686583526e-05 31642 
31544 0 0 1.0917279737892276e-07 33185 1 17 1.742257202621616e-06 32907 
31559 0 14 1.347348116249343e-05 31511 1 0 3.2936483375246124e-06 32117 
31603 0 0 4.830485187334646e-06 33194 1 16 5.036375731271829e-05 32835 
31606 0 0 0.00028187234640531666 33146 1 104 0.0003826793565949237 32416 
31743 0 437 8.972606955804829e-05 32609 1 0 4.801003942017933e-06 32061 
31793 0 6 8.504334072211057e-07 32605 1 0 7.272055927901922e-07 32937 
31830 0 43 6.662909095973013e-06 32605 1 0 3.1860139040651607e-06 32933 
31859 0 3 1.6099526784822845e-05 32123 1 0 1.3016952215184354e-05 32923 
31866 0 48 0.00015591567419958132 33150 1 0 9.770236430050215e-05 32172 
31928 0 25 0.00011742197015601275 31413 1 0 2.207616634405978e-05 33066 
31962 0 10 3.98790747872316e-05 32566 1 0 2.669783021276557e-05 31871 
31990 0 10 0.00027552031355677567 32654 1 0 0.0002327612984434828 33115 
32021 0 32 0.00020180912830829477 32991 1 0 5.567126917820177e-07 32853 
32061 0 0 1.8189677599750024e-06 32609 1 62 1.8555732240044513e-05 32592 
32063 0 23 8.02134376740891e-07 31794 1 0 3.2932062327563826e-07 31038 
32088 0 0 3.2188028753451305e-05 32975 1 20 7.399519574659959e-05 31267 
32099 0 83 9.281408559982643e-05 31872 1 0 1.7988879002040219e-06 33156 
32102 0 33 5.076959583539261e-05 31870 1 0 1.9558346164730332e-05 33156 
32105 0 0 7.61780122711665e-07 32021 1 68 0.00011631700587732412 33156 
32117 0 0 1.6537203610861665e-05 31511 1 40 0.00010342916588921656 31642 
32123 0 544 0.00023227545841519954 32975 1 0 0.00016252002858491515 32646 
32220 0 121 0.0001998897060030159 31414 1 0 6.069293249694011e-05 33066 
32345 0 0 6.828449112983285e-07 32936 1 12 9.86929088722039e-07 32344 
32346 0 9 1.7528713322215363e-06 31832 1 0 1.7851677846334166e-09 32345 
32386 0 0 1.0841892140452233e-07 31005 1 39 0.00013337913357862316 32675 
32503 0 0 1.9298569209788537e-05 32116 1 31 0.0001319260007902408 33118 
32504 0 0 7.354050273883519e-06 32123 1 20 1.894380122616833e-05 31903 
32518 0 0 0.00010951290809905048 31338 1 91 0.00023271815340093616 32416 
32663 0 134 7.795444392699493e-06 31794 1 0 5.113965107317797e-06 32665 
32834 0 0 5.990029589032967e-08 32088 1 32 7.441281720412493e-05 33012 
32853 0 0 2.6424095026277117e-05 31305 1 18 6.59120314738552e-05 32607 
32900 0 0 1.5944497907878043e-07 33187 1 25 2.996179020931649e-06 31038 
32902 0 0 2.1545969813309308e-07 32063 1 24 9.507168018810449e-07 31038 
32912 0 72 4.066801400492092e-06 32061 1 0 4.284559951660605e-08 32061 
32936 0 71 3.1877947777627182e-06 32380 1 0 1.8206642222604472e-06 32937 
32943 0 114 0.0007168175761747984 33044 1 0 0.00043856103132546606 32607 
32946 0 38 3.0343260587000194e-05 32099 1 0 5.622723413021758e-06 33156 
32971 0 28 3.392841817595611e-05 33194 1 0 2.6720681324171365e-05 31030 
33185 0 0 7.622869735291403e-06 32897 1 18 8.100165764718853e-06 32907 
33186 0 0 2.1610359736242878e-07 32663 1 48 8.752244026353813e-07 32663 
33187 0 2 7.248628476899189e-07 31794 1 0 9.52815231518797e-09 32663 
33211 1 0 2.801307891588198e-05 34159 2 77 0.0016038613375840948 34315 
33329 1 22 7.90366825531734e-05 33663 2 0 4.858310946848732e-06 33518 
33331 1 0 5.032334704087154e-06 34160 2 3 5.294324795948932e-06 33513 
33365 1 47 0.001300021283680016 34168 2 0 4.042446320013304e-06 33790 
33513 1 0 3.2664923857761196e-06 33663 2 279 0.0038378999771143526 34341 
33518 1 0 0.0015066486355421315 34192 2 102 0.0013947786729582232 34325 
33519 1 0 0.00011358429377758631 33366 2 8 0.00013592787872251352 33790 
33540 1 1 0.0008216953824430016 34224 2 0 0.00041103991305701203 33960 
33603 1 43 0.0005607321609177242 33879 2 0 0.0001974490095824564 33757 
33653 1 6 0.0018658256968364256 34324 2 0 6.006957663576764e-06 34159 
33663 1 44 0.00010839410763067596 34324 2 0 9.318786936017207e-08 33513 
33760 1 54 0.0006503983358537659 33879 2 0 0.00043507945414648105 34315 
33790 1 0 0.00022094313319258533 33949 2 28 0.0007404231238076027 34205 
33908 1 3 0.0006791749636142423 34208 2 0 0.0001191875343857685 33605 
33909 1 0 4.550486874245763e-08 33663 2 7 5.51852213126141e-06 33513 
33937 1 0 0.0001196068632217781 33663 2 81 0.002400716866278399 34325 
33945 1 0 9.935776394206947e-06 33622 2 9 0.0009525596746058606 34082 
34159 1 16 0.000706116911168803 34208 2 0 7.296401333123675e-05 34050 
34309 1 0 8.302139450857418e-05 33332 2 10 0.0004241559514915806 33757 
34403 1 7 2.930082109517222e-05 35315 2 0 1.0793341904845029e-05 35099 
34423 1 34 8.002449659677014e-05 35821 2 0 1.3773844032238213e-06 35398 
34437 1 0 4.073047694832343e-05 35556 2 32 0.00047111595505165465 36112 
34643 1 68 8.197104199580537e-05 36098 2 0 1.0041729504150556e-05 36116 
34879 1 7 1.9261691814999395e-05 35555 2 0 1.3767184997302549e-08 35099 
34890 1 74 0.0009792363743701621 35559 2 0 0.0002509035346300172 34938 
34903 1 0 3.813089979522206e-05 193156 2 30 0.0002940341217048387 192150 
34928 1 0 4.031200075782094e-05 35801 2 12 7.269515174223288e-05 36114 
35097 1 11 0.003115723576641156 36033 2 0 0.00039403497885883224 35850 
35149 1 0 1.6625744673987611e-07 35398 2 2 0.00030684414655336094 35396 
35177 1 22 0.0005897874374903294 36069 2 0 0.0004157323740096562 34694 
35209 1 0 1.1131277698522478e-05 36143 2 29 1.3995808301479407e-05 35627 
35314 1 0 2.5755454761169646e-05 35785 2 61 0.0004962786622388468 36034 
35398 1 0 0.00026876851132346524 35821 2 24 0.0004194733991766987 36140 
35417 1 1 0.0001806847425307787 250583 2 0 4.377916969185062e-06 34903 
35537 1 0 0.0006619823907641829 35785 2 108 0.0006324515317358968 34628 
35551 1 191 0.0008814045301493482 36231 2 0 0.00011190374535071853 36114 
35572 1 0 0.0002810025233790684 35417 2 12 0.0018638222411209487 35900 
35796 1 0 0.00019267074592027873 35798 2 10 0.0007737317190796691 35553 
36043 1 0 5.709820537996439e-07 35801 2 11 3.5333089461714773e-06 36092 
36105 1 0 4.05377716529222e-08 35177 2 4 0.00032843790772825644 35370 
36116 1 0 7.60389011174413e-06 35801 2 14 1.831178388826317e-05 36092 
36139 1 43 0.0002834526388203651 35432 2 0 4.1511796325194366e-09 34477 
37924 0 16 0.002177705321830083 39270 3 0 0.0002907108436702228 23286 
38516 0 0 1.8241358538070652e-06 38196 3 11 0.00020068716514624521 38528 
38522 0 5 0.00028832816310994517 38686 3 0 2.7669390890062603e-05 39260 
38671 0 2 0.0016763855703098866 38893 3 0 0.0004216116851902986 39260 
38687 0 0 8.102828322611358e-06 38196 3 52 0.0005093713021773664 39086 
39144 0 5 5.954078824303233e-05 39117 3 0 2.0241102569819515e-06 38671 
45581 2 0 2.037120545549555e-07 46844 5 9 0.00020057659444543778 45761 
45603 2 6 0.00018622121408869066 46110 5 0 0.00015001689341127733 46582 
45845 2 0 0.00013052515836397145 192758 5 2 0.00013355155113605315 46873 
46049 2 0 2.0441174595142112e-05 46844 5 34 0.00022506454990479956 46582 
46249 2 36 0.0005490094243196333 46816 5 0 0.0004656798641805186 46428 
46282 2 13 6.466712639975137e-05 46394 5 0 4.900386260027307e-05 46469 
46399 2 44 0.00040476723668199697 46866 5 0 6.080178231794399e-05 45619 
46604 2 0 1.3994430347368466e-05 46770 5 12 0.0001207713261526301 46428 
46633 2 44 0.0003212053492968954 45448 5 0 0.00012516350570320752 46509 
46843 2 0 3.0968434768970885e-05 45857 5 12 0.0002532421887310008 46865 
46844 2 35 0.00020063174015605182 46816 5 0 5.617573784393368e-05 46049 
46872 2 1 0.00021796481953197507 46197 5 0 4.197826396810636e-05 46873 
52837 3 0 0.00011849115633299946 57024 6 203 0.00036411521716697953 56105 
52882 3 0 3.35847318698311e-06 55112 6 30 3.2347008130141234e-06 55411 
52889 4 0 3.308931499705714e-05 54025 6 4 0.00016271217200293807 57099 
52920 3 0 2.022764382249219e-06 55112 6 28 3.9289826617761365e-05 55411 
53037 3 0 3.405342622884133e-06 55257 6 42 4.7374660877137755e-05 56410 
53053 4 17 0.00013351817331137708 56872 6 0 6.076316218862518e-05 57111 
53193 3 47 2.557457564088493e-05 56185 6 0 1.0793523359126142e-05 55427 
53388 3 0 2.8206682266962303e-06 56469 6 251 2.311833177330572e-05 55408 
53396 3 0 9.867705747409963e-05 53054 4 51 0.00038041292308537534 54421 6 0 4.087607440536073e-06 54533 
53427 3 8 3.7942570744461375e-06 55112 6 0 5.21080425556818e-07 54561 
53479 3 0 6.929218807215443e-06 54083 6 27 7.981899769276342e-05 56714 
53484 3 36 3.136073302822875e-05 54022 6 0 2.504650047178675e-05 55673 
53488 3 0 1.5379601128503028e-06 55675 6 17 3.472180988711759e-05 55175 
53492 3 30 4.226378167429217e-05 56127 6 0 2.0076597325745465e-05 55163 
53592 4 99 0.00046729715414208634 56826 6 0 4.8226460857855494e-05 56698 
53711 3 16 3.0623525787450885e-05 56444 6 0 3.011202125888645e-07 55415 
53715 3 3 3.937612293661399e-05 56444 6 0 2.2890464063391182e-05 54293 
53879 4 4 6.923953236386639e-05 55275 6 0 5.442419913615186e-05 55515 
53973 3 0 0.0002614014267684939 54977 4 0 8.345296219422358e-05 54533 6 159 0.0014663287325372702 55514 
54083 3 1 9.626735091587521e-05 54627 6 0 7.997746584119313e-06 56849 
54299 3 0 1.1885365416948277e-07 55525 6 6 3.741485334584639e-05 54874 
54423 4 0 7.701513669534707e-05 56872 6 15 9.714929230461689e-05 56824 
54533 4 0 0.00012322650614006003 54735 6 43 0.00035687640235992696 56029 
54558 4 7 0.00013140503172859167 53421 6 0 7.558257077139565e-05 56145 
54567 4 70 0.0007058147366243736 54187 6 0 5.1372865375623484e-05 56700 
54615 3 30 7.341804198903526e-05 203972 6 0 4.009159301106069e-05 52943 
54618 3 0 3.808863181452986e-05 54022 6 107 8.357607618556308e-05 56157 
54639 3 0 4.844135707212326e-06 52969 6 14 2.6304990792800984e-05 56430 
54672 3 0 0.00012713409399815281 54157 6 100 0.00020161492700187432 56042 
54902 3 0 1.528394072861113e-05 56768 6 31 2.7828120771385394e-05 56485 
54987 3 41 2.350873787147284e-06 54672 6 0 8.26818212855857e-07 54672 
55106 4 0 6.970500329372326e-06 244484 6 10 0.00034381604867063164 56700 
55118 4 19 0.00015282739143228474 54404 6 0 9.614990067719442e-06 52889 
55147 3 12 6.447128465351029e-05 56813 6 0 3.136906984647651e-05 55359 
55415 3 183 0.00040604366416601816 57116 6 0 0.0002204904303339083 56984 
55505 3 0 6.287234526003563e-05 55498 6 93 5.999661323997025e-05 55359 
55507 3 16 1.102063788011858e-06 55505 6 0 7.230967119846157e-07 54672 
55525 3 10 1.2572818702196266e-05 52994 6 0 2.561666797792787e-06 56929 
55634 4 0 0.0001291084428689964 55769 6 5 0.0001662373146309308 56696 
55675 3 48 0.00022022108158861216 56127 6 0 1.826786411409626e-06 54083 
55679 3 8 9.086221247777633e-05 56217 6 0 2.1108457522256834e-05 56849 
55810 3 45 8.289742182168476e-05 56590 6 53 8.283983067830867e-05 56996 
55914 3 0 7.94226594272835e-08 54902 6 3 4.851150340580121e-06 56485 
55930 3 0 1.436676657507123e-06 55112 6 11 1.4413628424988672e-06 54926 
56013 4 32 0.00015719963157427428 53592 6 0 0.00011115362692572001 57099 
56146 4 49 0.0005465389778587446 56871 6 0 0.0002671921906412804 55596 
56252 3 0 1.9954993154118234e-07 200957 6 16 1.0773839568461451e-05 200761 
56263 3 24 9.607690674130914e-06 55724 6 0 9.087325877815726e-09 54902 
56434 3 0 1.1712015545633555e-06 52969 6 9 2.708621044541682e-05 56430 
56514 3 25 2.4707696544664114e-06 56469 6 0 3.7603984553186574e-07 52882 
56575 4 0 9.5350389666955e-06 54533 6 12 2.8747582033310682e-05 55514 
56627 3 0 1.0815652466176166e-05 55415 6 68 0.0002110044535338591 56845 
56636 3 89 6.548588850045817e-05 55685 6 0 2.3921630499576492e-05 56778 
56662 3 0 1.939956303475584e-07 56662 6 7 5.452758696534978e-07 56662 
56679 3 0 3.9935699016316296e-05 55720 6 153 0.0002122904869836583 57124 
56774 3 117 0.00020142723919899862 55685 6 0 1.734350180101631e-05 56778 
56777 3 152 0.0002700640470552566 55685 6 0 8.565455944756566e-06 53163 
56929 3 0 1.5275828029364762e-05 56805 6 110 4.716192847062278e-05 55427 
56991 3 0 4.770915275168817e-06 53715 6 41 7.764212422481458e-05 56293 
56995 3 21 8.359129986672578e-05 56444 6 0 2.889619913326158e-05 56450 
57021 3 0 1.1370007116812965e-07 56514 6 12 6.206837928823307e-06 55410 
60228 1 0 0.0003159122367191473 63296 5 9 0.0004578560237810641 62546 
60266 1 0 1.4609809202356923e-05 61127 5 14 0.0004673100577977659 61004 
60383 1 0 0.00032197153673891644 62298 5 7 0.00045192697476142756 61147 
60605 1 0 7.5327734692216985e-06 60228 5 11 0.0016063007900308783 63035 
60606 1 0 0.0007593630126032061 63269 5 15 0.0010131235718969062 62548 
60689 1 5 0.0006768061842917195 249668 5 0 9.231058270851146e-05 62346 
60702 1 0 6.930795421234504e-05 62197 5 16 0.00012459364828780868 62424 
60999 1 0 3.63829415319578e-05 61886 5 7 0.0006848333329681068 60957 
61127 1 52 0.00039576687405020204 62008 5 0 0.00022038814345005483 62202 
61308 1 0 1.200082147809773e-05 62972 5 6 0.00013216918752195924 62489 
61483 1 9 0.006288548108355047 249918 5 0 1.1910264499061489e-07 61536 
61536 1 0 0.00038207794910313867 62846 5 87 0.003084366762897466 63130 
61788 1 109 0.0006507956653927895 62495 5 0 0.000183539554107509 62202 
61991 1 0 4.622860968743778e-06 62635 5 1 4.056436703127753e-05 60999 
62087 1 0 2.6079362457685717e-05 62495 5 37 0.00010148528154236984 62503 
62258 1 0 0.000965582778719818 62706 5 40 0.0026227453752808174 63128 
62635 1 91 0.0002632652667829984 63122 5 0 5.178642221712368e-05 60606 
62647 1 6 0.000520922026596864 63296 5 0 0.0001151776164032725 60605 
62648 1 0 1.9103033414796737e-05 61127 5 14 0.00025024284608524713 62424 
62712 1 0 4.55377352591344e-06 60689 5 15 0.000532734608474211 250240 
62972 1 12 0.00030500791876664554 63276 5 0 6.128902423348828e-05 61308 
68344 0 6 0.00016531182057305947 69705 5 0 2.063070426972423e-06 70660 
68600 0 0 4.475625061067735e-05 69705 5 82 0.00023059390138942728 70852 
69194 0 0 8.512561005821294e-05 69364 5 39 0.000371044931441792 71407 
69587 0 456 2.4889521138402307e-05 71430 5 0 1.9841948861650115e-05 69877 
69588 0 0 2.4487020473336628e-08 69587 5 13 5.014015479528705e-06 70336 
69929 0 19 7.534625870549055e-05 70752 5 0 3.116483479453592e-05 70880 
70030 0 0 7.12702464268151e-07 70030 5 6 1.0810085357486887e-06 70030 
70070 0 60 6.288387349525558e-05 71402 5 0 7.463065047772178e-07 70660 
70880 0 0 1.1843053968262496e-05 69929 5 34 0.00036829838603174024 70743 
71659 2 0 1.74764159346626e-05 72008 5 124 0.00014917596156535415 74622 
71694 2 0 0.00012230019737688333 74409 5 2 0.00017405622312331926 73709 
71905 2 48 2.6099283199412385e-05 72173 5 0 3.1331753006115795e-06 73111 
72197 2 0 8.020263108662836e-07 72629 5 27 2.024738189137029e-06 71763 
72201 2 56 7.175713066177243e-06 73870 5 0 2.4840859338303406e-06 71763 
72504 2 5 1.022826094235787e-05 72251 5 0 4.902823057665825e-06 73111 
72556 2 0 0.00015069968686099588 71578 5 2 0.0002060062661390996 72131 
72575 2 6 0.00013506420480893802 74193 5 0 7.780857691068079e-06 72576 
72576 2 0 1.6750731047881628e-05 72243 5 13 0.0001895527064521356 73068 
72627 2 0 1.1456627645863593e-05 74295 5 216 2.201829685412732e-05 74666 
72664 2 0 8.295593977437401e-09 72805 5 1 2.5440634060220143e-06 73897 
72798 2 12 0.00025236009335931033 74409 5 0 1.5018508640749242e-05 73636 
72805 2 8 0.00016789403831880123 72660 5 0 3.698020218127455e-05 73897 
73061 2 0 3.335358123766906e-05 73465 5 44 0.00025567341776237893 72606 
73111 2 0 4.872123891082946e-05 72008 5 35 5.8321517089311635e-05 74759 
73197 2 26 0.0001323475688745916 73082 5 0 2.7425217625481806e-05 72388 
73309 2 60 0.0001386162491429609 73669 5 0 7.845562635706365e-05 73867 
73422 2 0 1.3760771049627108e-05 74503 5 21 0.0001350238239503685 73836 
73500 2 0 2.3118302573629502e-06 71694 5 9 4.966838024265174e-05 73786 
73909 2 11 6.361662590621304e-06 71767 5 0 3.843648409395517e-06 72200 
74012 2 56 6.393767106970032e-05 72311 5 0 2.2033942430322706e-05 73527 
74195 2 0 3.365398236374318e-05 74193 5 16 0.00015717350763630835 72666 
74282 2 0 2.085609119790507e-06 73061 5 2 5.698176538021487e-05 71756 
74503 2 24 0.0007712791336868208 74624 5 0 1.4839438132334193e-06 72130 
79995 1 0 0.00022110115350135745 81564 6 5 0.0005766713924987133 81563 
80001 1 4 6.94521497614874e-05 80647 6 0 2.343887623852125e-05 81092 
80054 1 0 6.1100303349748046e-06 80056 6 17 3.4851653665032227e-05 81610 
80168 1 0 3.5650547813725296e-05 80488 6 27 0.00019214369818626063 81405 
80214 1 0 0.00014305853750545009 80452 6 34 0.0003122485269947047 81095 
80386 1 0 5.382113209817353e-06 81320 6 9 0.0001239947287902161 80886 
80486 1 0 2.9975527732769536e-05 81152 6 3 0.00029690817876733706 80923 
80487 1 5 0.00011598695655593316 81367 6 0 1.4710652444130704e-05 80252 
80610 1 0 2.761220586975486e-06 79995 6 26 0.0009231011939130656 81493 
80612 1 0 2.0198424285961147e-05 81092 6 9 0.00015887611321406658 80175 
80645 1 0 6.638288706491776e-06 80669 6 3 0.00010894953529355723 80436 
80646 1 0 3.707512836271993e-07 80446 6 6 0.00011547083971640714 80433 
80669 1 3 3.662913713242647e-05 81549 6 0 1.1786761072549717e-10 81071 
80700 1 0 1.9163154614228336e-06 81564 6 8 1.2545229538571235e-05 81563 
80715 1 0 2.003236709501105e-07 81366 6 1 0.00038076079032898667 80926 
80731 1 0 0.0011381451883061247 81390 6 28 0.0012819410951940117 81565 
80923 1 0 5.323778717638587e-06 81152 6 44 0.00035746682928234014 81553 
80927 1 10 0.0001441614099391312 81153 6 0 3.235824806085993e-05 80486 
80929 1 5 0.0005161561176204546 81591 6 0 0.0004461332513795357 80283 
81071 1 38 0.0010466629850185156 81549 6 0 8.232014448153263e-05 81095 
81122 1 0 7.568714430013611e-07 80885 6 6 5.631851557034159e-06 81563 
81264 1 0 1.6150220097195673e-05 81492 6 4 0.0010462985999029192 247469 
81311 1 59 0.0007272915937523304 81543 6 0 0.00041348962074782354 81610 
81319 1 7 0.0001466869063727217 80196 6 0 1.1060759627267876e-05 80663 
81366 1 25 0.0005952467340925522 81263 6 0 3.6567881407586665e-05 80926 
81389 1 1 4.6415834499516e-06 81151 6 0 3.430060500595003e-07 81365 
81524 1 22 0.0006704315824354866 81327 6 0 7.552958564487334e-06 81311 
81536 1 17 0.0001804623478730856 81521 6 0 1.3380658126897666e-05 81122 
99378 1 117 1.7628167487750134e-05 124611 4 0 8.810780122723909e-07 111312 
99689 1 0 4.38128012060454e-07 105503 4 24 1.403604987951963e-06 112680 
99788 1 0 3.15783692968323e-06 108521 4 36 6.521157570354643e-06 113591 
99966 1 94 1.0821339055661977e-05 114286 4 0 4.880399443649709e-07 121457 
99967 1 44 2.0898119989270945e-06 99966 4 0 1.440925010739392e-07 125206 
100016 1 31 1.881401648400254e-06 103641 4 0 1.0449933516192409e-06 107139 
100313 1 18 1.0337769860438526e-05 107091 4 0 2.6455091395829756e-06 118193 
100479 1 3 2.8640563808655626e-05 124609 4 0 5.646205691347638e-06 124424 
100480 1 322 0.0002829364164452627 125660 4 0 7.140951255492618e-05 124424 
100899 1 4 2.0320473954533638e-05 127344 4 0 1.2652633045483264e-05 105365 
101263 1 17 4.0912451379838156e-07 126769 4 0 2.997209862056714e-07 122808 
101357 1 1 3.193931347556505e-07 115631 4 0 2.0027986525722422e-07 119230 
101448 1 0 1.8642364491495285e-07 108535 4 20 5.341098550872689e-07 119312 
101559 1 25 5.085328216597231e-07 123105 4 0 3.71587178347481e-07 119145 
102856 1 71 4.163053217770931e-06 107050 4 0 4.032869282242907e-06 99924 
103310 1 0 1.0154297385541194e-06 113963 4 43 4.477571761455867e-06 127085 
103367 1 16 2.2226764525728586e-06 124934 4 0 1.0852604744053269e-07 109994 
103590 1 192 3.829886049856426e-05 125207 4 0 7.052280014633747e-07 125154 
103593 1 0 2.8799589186629583e-08 103590 4 2 6.293239108091077e-07 125154 
103594 1 1057 0.00017783772787822958 127816 4 0 6.651393762197367e-05 125375 
103642 1 33 2.1855590434606293e-06 117887 4 0 4.2746445653914326e-07 114713 
104114 1 0 4.296792769654071e-06 100480 4 57 4.763730723034092e-05 117118 
104554 1 0 6.228011547075e-07 100989 4 16 7.61557345310214e-07 100991 
104556 1 0 2.5305865813048715e-11 105484 4 14 1.4359981941333377e-06 122501 
104825 1 0 2.5011609988887823e-07 108307 4 9 4.1218690011973956e-07 119132 
104827 1 30 9.205695162645698e-07 126371 4 0 2.0001983737622576e-08 115823 
104996 1 0 3.039871400019437e-08 119091 4 10 6.381812859970572e-07 112111 
105122 1 1 4.2494896171920566e-07 123099 4 0 2.472315382830836e-07 112281 
105125 1 14 3.1343973805416536e-07 126372 4 0 1.4948126195644838e-07 119145 
105492 1 0 4.408737403528061e-07 116166 4 12 7.201862596606601e-07 112579 
105682 1 0 4.597604426059869e-09 119610 4 49 1.2851001395591976e-05 122376 
106439 1 29 7.186037323844797e-06 103884 4 0 3.4287086762040693e-06 121389 
106728 1 6 8.492158611612128e-06 124378 4 0 9.258688883982468e-07 100645 
106750 1 0 1.1145593719989093e-06 110318 4 88 3.2049446280099583e-06 113917 
106836 1 0 4.515825365909325e-07 110108 4 4 8.033179634325962e-07 119823 
106838 1 2 2.1587625095941397e-07 127086 4 0 6.346874904914398e-08 114024 
106845 1 15 1.5426021607609162e-06 121193 4 0 1.1703339248468029e-08 125398 
106847 1 0 1.9764556970044455e-07 103318 4 54 3.8098219303043585e-06 117674 
107282 1 0 8.21193778670892e-07 113974 4 16 5.191832221327176e-06 107407 
107818 1 48 2.7525427666842144e-05 124378 4 0 3.203491333207234e-06 124801 
108181 1 138 9.741094696288407e-06 127080 4 0 5.745482303696665e-06 126381 
108308 1 0 5.3612912643034114e-11 111925 4 18 6.570413870920389e-07 126682 
108454 1 0 1.4844006052254708e-05 102722 4 111 2.9332315947855155e-05 119255 
108535 1 0 6.490541770460434e-07 123096 4 50 9.794243229561603e-07 126583 
108656 1 9 7.111646802359222e-07 115822 4 0 1.3231976912131563e-10 112282 
108657 1 0 1.686707486778677e-07 101558 4 10 3.1932625132826444e-07 119433 
109062 1 0 1.7448579121970613e-07 117613 4 7 6.425337087748664e-07 117615 
109134 1 51 0.0001920247290664729 115588 4 0 6.82147549336533e-05 119548 
109840 1 21 1.547010982026072e-06 121011 4 0 8.476017974723041e-09 103310 
109971 1 8 3.16361317904248e-05 122882 4 0 4.3964352096013215e-06 247266 
109994 1 0 7.853455874699732e-05 125428 4 67 0.0002056274657530402 125102 
110108 1 38 5.739761237540145e-06 119193 4 0 1.9561762446996168e-08 106836 
111161 1 30 2.6673907135668744e-06 117887 4 0 3.8478643897531113e-10 125253 
111925 1 27 5.755235843677553e-07 119431 4 0 7.809241563873625e-08 108308 
111954 1 13 6.033650407408741e-07 112283 4 0 3.3875795926356733e-07 104833 
111962 1 10 6.6458364024082e-07 119434 4 0 3.59058597620192e-08 101559 
111964 1 0 2.3469318617433818e-07 105500 4 25 3.3836748138460943e-06 119749 
112015 1 8 2.1789433244234915e-06 105500 4 0 3.650117558960135e-08 123513 
112044 1 0 5.008940489555762e-06 126457 4 19 6.810154010460122e-06 108407 
112047 1 409 0.0004843389586480033 127193 4 0 1.2816636352166132e-05 119255 
112089 1 0 2.3253003149927515e-06 126755 4 86 0.0005218498911850694 127248 
112282 1 0 9.057276192919311e-08 108656 4 10 9.208842380772579e-07 126375 
112579 1 0 8.831571205767238e-10 119230 4 17 1.944786842867967e-06 119836 
113737 1 611 0.00017247383840251438 127984 4 0 6.0173258597642053e-05 125796 
114023 1 16 1.091286414387361e-06 117618 4 0 8.392020856325223e-07 109065 
114024 1 0 1.4415450325699843e-08 124925 4 30 1.8954385496786911e-06 119826 
114026 1 0 2.7719264546383034e-06 125427 4 36 4.2977590453744726e-06 124507 
114027 1 9 2.559944371655734e-06 103318 4 0 2.5728262835537176e-07 114028 
114713 1 0 1.3446216061190177e-06 117887 4 62 2.5652263939110106e-06 103763 
115206 1 0 4.1722032863037945e-05 116367 4 2 7.528120563707395e-05 123592 
115538 1 0 2.2389046741722043e-08 104827 4 15 4.7101495326573885e-07 123103 
115581 1 68 2.7084408797413338e-06 119193 4 0 8.128741202751717e-07 119192 
115823 1 13 7.72909199070287e-07 112284 4 0 1.6808380093093453e-07 123103 
115869 1 26 5.221955325556188e-07 126720 4 0 1.6032096744331074e-07 122808 
115913 1 56 0.00015382786771024121 122318 4 0 1.2838431789924448e-05 112089 
115919 1 19 3.0821880927899625e-07 126769 4 0 5.816019072689298e-08 108181 
117129 1 0 1.8736133396631276e-06 126457 4 68 0.0001422258711603687 127872 
117131 1 9 5.264650441832487e-06 119211 4 0 3.4425581777219408e-09 112043 
117195 1 0 2.130219794991356e-07 100313 4 49 3.4136820205052408e-06 121454 
117515 1 75 3.6627670427162146e-06 113915 4 0 1.5232595728669245e-07 115581 
117519 1 25 5.541230190660581e-07 102695 4 0 3.723364809416128e-07 127085 
117613 1 0 5.685705827187848e-07 113974 4 9 8.257574173029102e-07 117615 
118193 1 0 4.0048188602004986e-07 121456 4 48 1.0411269614005122e-05 121457 
118876 1 13 6.893588246115918e-07 116007 4 0 4.6178967539909264e-07 105484 
119091 1 0 2.435627653963822e-07 126328 4 21 3.925827346149557e-07 126333 
119131 1 12 5.437587783425821e-07 101220 4 0 8.236622166512132e-08 108337 
119194 1 0 4.287471145200122e-07 115581 4 43 1.4312578854822127e-06 103195 
119230 1 0 6.399973087200076e-07 127838 4 9 1.6878951912851322e-06 104950 
119430 1 16 4.1822762930572154e-07 115820 4 0 2.4573887069804277e-07 112280 
119610 1 0 2.299680880426507e-06 127190 4 103 2.0980274619590972e-05 122376 
120780 1 0 2.813063015345428e-07 126129 4 4 1.1531001984635872e-06 123527 
121188 1 35 1.038519140593539e-06 103309 4 0 7.710673594243347e-07 117617 
121190 1 11 2.5003451500435427e-06 127088 4 18 1.7674658499693878e-06 125772 
121389 1 0 1.0288310783234538e-06 124506 4 57 8.473890421687492e-06 114711 
121456 1 31 1.5014387245206352e-06 110680 4 0 1.1929222754926361e-06 118193 
122808 1 0 9.453963131061088e-08 126769 4 230 2.9587503686998194e-06 123488 
122902 1 6 5.218087788874186e-07 126994 4 0 1.567211102405374e-10 105492 
123097 1 25 5.623279600490485e-07 105120 4 0 2.0416903995987893e-07 101552 
123102 1 0 4.421688760197206e-07 112283 4 21 5.175256239821344e-07 123101 
123417 1 6 6.327774265221087e-07 126994 4 0 1.1867907349163152e-07 105492 
123448 1 0 6.681845045814053e-08 126129 4 122 2.3010524549544688e-05 127188 
123634 1 2 2.5911191771405653e-05 120085 4 0 3.1188152286571983e-06 127179 
124506 1 51 7.831429546326226e-06 110636 4 0 1.9789195368823465e-07 121389 
124585 1 0 1.1752984433036962e-06 124801 4 1506 4.753969355672916e-05 125863 
124925 1 15 7.94067035987084e-07 127086 4 0 1.1977046401957166e-07 114024 
124930 1 0 1.3931428288195936e-07 114026 4 2 2.3151271712643764e-07 106844 
125154 1 0 4.5171756532011485e-06 118115 4 361 6.702998534687164e-05 121465 
125206 1 0 9.975001595040884e-07 103590 4 163 1.533924134051022e-05 121465 
125253 1 0 7.2661669462719435e-06 117887 4 155 8.006062553757881e-06 107291 
125398 1 0 3.312564611612342e-06 117623 4 33 2.8442994388408898e-05 125772 
126041 1 7 2.8680303146733353e-06 126978 4 0 8.953971853575922e-07 126880 
126129 1 7 1.9317740580414002e-05 126134 4 0 5.157930419650091e-06 123448 
126332 1 6 7.688911025152925e-07 126328 4 0 1.995189748702953e-08 119091 
126369 1 0 2.605206980262992e-07 104786 4 11 6.816203019864915e-07 119142 
126428 1 30 1.5209162651406044e-06 122852 4 0 1.0762847348848425e-06 119191 
126457 1 40 4.016596647634776e-05 125267 4 0 4.829665023679136e-06 108407 
126459 1 9 0.000886385813978147 125607 4 0 2.882688852194974e-05 123222 
126584 1 0 1.1234173312580356e-07 108535 4 10 6.279092668823099e-07 115870 
126683 1 0 8.435963799898252e-08 119431 4 19 5.708558620169992e-07 126368 
126753 1 157 0.00011421618498112542 127193 4 0 3.59857735189676e-05 115912 
126767 1 0 5.886988349980515e-09 108181 4 4 3.092510116496429e-07 108181 
126880 1 0 1.7377596375242206e-06 127190 4 3 2.8492667862489288e-05 117196 
126978 1 28 2.321053608037394e-05 128024 4 0 3.535940919675054e-06 127179 
127179 1 19 1.2164717051134861e-05 111567 4 0 1.8237439488735482e-06 118770 
127926 1 0 7.888492151313315e-07 120668 4 12 9.670207284897113e-06 126407 
127927 1 17 3.2436499077172044e-05 124437 4 0 5.5500064228676125e-06 109930 
128036 1 0 1.0054274325102759e-06 112047 4 8 3.1117235674819895e-06 128035 
128190 1 3 0.00020510219384100374 129242 6 0 7.111201465901865e-05 129610 
128310 1 6 0.0005853613612456922 129312 6 0 0.000345425206754352 128914 
128417 1 17 0.00018586008490178448 128982 6 0 5.948715598235728e-06 129607 
128442 1 0 2.142236243318528e-05 128962 6 5 7.265873356681428e-05 128853 
128443 1 5 0.00044436475974392564 129664 6 0 0.00031174316325619514 129408 
128854 1 0 1.677560886699857e-05 128962 6 18 4.8840051633021345e-05 129419 
128855 1 0 2.1420441970267947e-06 128417 6 7 9.359074302964079e-06 128980 
128856 1 7 3.4697204856375587e-05 129242 6 0 1.856430414365913e-05 129583 
128959 1 7 0.00014712090653752779 129640 6 0 6.17306524625741e-05 129598 
128960 1 0 9.195180953966791e-07 128417 6 8 4.332832090461854e-05 129002 
129368 1 109 0.00136036364692246 129660 6 0 0.0008962065515778012 129611 
129598 1 0 8.641508946308282e-05 129639 6 79 0.0006168677345369213 129615 
129600 1 0 3.2254872801380174e-05 129242 6 2 0.0003291624286986182 129610 
129607 1 0 0.0001991221874713777 128420 6 64 0.0002572899510286687 129438 
129623 1 0 2.369368183027859e-05 129027 6 18 0.000331489673169833 129453 
145402 0 0 0.003072274102071166 147192 5 100 0.004664194388429641 147143 
145461 0 0 8.293444105329428e-06 145615 5 3 1.6425855394670067e-05 145402 
145482 0 2 0.00047637696725878666 147168 5 0 1.1323157412429824e-06 211168 
145614 0 0 0.00025182120351413404 145938 5 43 0.00025143910398597034 146859 
145629 0 0 9.42408593968467e-05 146338 5 14 0.00012204763760332541 146957 
145884 0 12 0.00012964234793561138 146876 5 0 6.589310064398914e-06 146560 
145936 0 0 4.1854428110354163e-07 147082 5 5 6.637082218893771e-06 146915 
145955 0 45 0.0008221249811328399 147163 5 0 1.252633786714876e-05 146857 
146104 0 41 0.0007208219892664977 146931 5 0 8.183632073364436e-05 145480 
146138 0 0 0.0005648899789761483 147165 5 51 0.0008989264315240285 147166 
146237 0 0 0.00011193476858205568 145918 5 9 0.0001866107444180999 146957 
146414 0 32 0.0002780914726754864 146917 5 0 0.00010161659982470728 145939 
146442 0 21 0.00016782555486900946 146706 5 0 8.488861463109476e-05 145526 
146613 0 0 4.96016995680423e-05 146414 5 46 0.0005819961829320018 146184 
146616 0 41 0.0006306743268374353 147299 5 0 0.0003982938481627889 146560 
146853 0 71 0.003933999039427868 147165 5 0 0.00048153549607238375 147166 
146857 0 0 0.00027448173181673517 147163 5 77 0.0005447381546834481 146929 
146910 0 0 1.3454398163197534e-08 146853 5 8 0.0001324696486017934 145939 
147082 0 258 0.0011362828617766827 147293 5 0 0.0004519109862235988 146915 
147136 0 68 0.0010031172236440967 147073 5 0 7.1028988558956924e-06 146616 
147142 0 4 2.3882022065253758e-05 146853 5 0 2.2376095434817852e-05 146853 
147169 0 0 8.745626017104356e-05 145482 5 5 0.0005789339058290254 212511 
147179 0 9 0.0003250138262397319 146706 5 0 9.319131876038779e-05 145526 
147385 3 0 3.7473806270316367e-06 160197 6 960 9.006404937298194e-05 162312 
147608 3 0 1.896920449232831e-05 151629 6 105 0.00015303618000768487 159190 
147610 3 0 3.21924471547429e-05 159332 6 22 3.8997910345321986e-05 155350 
147611 3 27 6.103669954723484e-05 160998 6 0 4.319093745282501e-05 161120 
147672 3 0 2.4534540930857215e-05 159255 6 30 0.00014884040906920095 159256 
147676 3 12 0.00018541862444048496 161248 6 0 4.00334555952032e-06 157328 
148645 3 102 5.7451296024779724e-05 160998 6 0 2.1308370475286106e-05 162487 
149267 3 95 0.001096302293604476 160820 6 0 7.462143839567393e-05 159274 
149571 3 136 0.00024751896255795577 161170 6 0 0.00010933912044207682 157284 
149730 3 6 7.088045056101361e-05 162326 6 0 6.550937939025569e-06 155414 
149900 3 595 0.0009390359363056598 161442 6 0 0.00016180149869466785 162051 
149954 3 41 2.3075991774913634e-06 157644 6 0 1.1968613225232536e-06 159550 
151827 3 0 8.522750532337758e-06 161397 6 15 4.404256996776361e-05 162502 
151921 3 0 1.5827631991725608e-07 153591 6 17 1.385752180094398e-06 155694 
151922 3 45 3.036997463437701e-06 155695 6 0 1.1870795365772404e-06 153821 
152450 3 54 2.8040149540151172e-05 159234 6 0 2.3060309599111277e-06 147617 
152745 3 13 3.599453942727217e-05 162326 6 0 1.3237950727359438e-06 155414 
152756 3 0 7.477033757722493e-08 148645 6 60 3.9783712162425835e-05 162486 
153495 3 0 1.1004318540928103e-06 161181 6 1 1.5668387645933592e-05 159256 
153591 3 0 3.086614243895926e-05 160597 6 405 4.0466416561095746e-05 161363 
153704 3 265 0.00018001328201506917 160817 6 0 3.9755818985071697e-05 159274 
153722 3 0 7.236395854588265e-06 161389 6 13 4.217838714545457e-05 162502 
153823 3 33 3.0478687617818844e-06 155695 6 0 1.4387873820975026e-07 153821 
154148 3 0 6.875705223141565e-08 159506 6 8 6.6950094477749804e-06 161546 
155352 3 108 0.0001476401781676716 159073 6 0 6.26825183234183e-06 156879 
155354 3 6 3.115452190040806e-05 147616 6 0 4.782949599626063e-06 162650 
155395 3 56 1.2729460720538583e-05 153055 6 0 6.08638877953797e-06 157328 
155694 3 0 1.687878714945444e-07 155139 6 27 1.318207628503493e-06 161488 
157293 3 0 3.635686992649897e-06 155352 6 1 8.677943507363348e-06 162650 
157328 3 0 3.5204155980483206e-05 153055 6 439 0.00039572542151953535 159370 
157645 3 53 3.523852044909239e-06 155695 6 0 1.2981109550786052e-06 159550 
157646 3 0 1.7270162217472864e-08 159331 6 25 2.3260098377766935e-06 161363 
158465 3 0 3.106772768707439e-05 159285 6 30 3.489692931291248e-05 151577 
158858 3 0 1.4532002517869994e-05 161389 6 4 1.671924198213306e-05 154901 
159198 3 0 1.2047426986233192e-06 159234 6 14 4.021167780137917e-05 149585 
159331 3 248 3.921926612988203e-06 155696 6 0 1.6754453870208676e-06 153256 
159506 3 225 9.37534257249328e-06 159507 6 0 7.104009275073801e-07 157994 
159697 3 0 3.4620057680983434e-05 155409 6 49 0.0003506783058191522 161358 
159911 3 43 3.2382768823349018e-06 155696 6 0 2.1512117676403373e-08 157646 
160881 3 253 0.00012313339035096858 161778 6 0 7.947728214906338e-05 162577 
160960 3 0 4.0820854766525316e-08 157328 6 104 1.4855183645225406e-05 157330 
161166 3 0 1.6975492561693477e-08 159198 6 16 3.05111190074303e-05 147617 
161181 3 5 5.557073448989802e-05 159255 6 0 2.4193274510132958e-05 159256 
161359 3 34 3.1741025817367355e-05 150868 6 0 8.194851182757788e-06 151419 
191864 2 26 0.0012730700773745298 193251 5 0 0.0003115467441255006 192058 
191869 2 316 2.0445854607074278e-05 193473 5 0 2.3899539292320775e-07 193301 
191874 2 9 2.6234224374972606e-06 193273 5 0 1.9618185625005264e-06 192904 
191926 2 0 0.00025032133225306406 193351 5 24 0.0002620981637470169 193131 
192035 2 84 2.1900661959844175e-05 192689 5 0 1.4433904540177256e-05 193301 
192047 2 12 1.5435041799213151e-06 192499 5 0 3.259413200817225e-07 193258 
192059 2 64 0.00044252852428591734 193459 5 0 6.56591971413311e-06 192058 
192070 2 104 0.00020940684470822918 193101 5 0 0.00015766362279182682 192069 
192117 2 6 0.00019603654381413578 193359 5 0 6.749249968601779e-05 192945 
192152 1 2 5.939140167357804e-05 191948 5 0 2.564040332642575e-05 192582 
192153 1 0 0.00028504435977725885 192578 5 12 0.0007600114902226931 192979 
192155 1 37 0.0003525295676519995 193374 2 0 0.00011959078284799381 192780 
192211 2 5 2.095217639186765e-05 192623 5 0 3.998654108130831e-06 192493 
192212 2 31 0.0002453137681403313 193021 5 0 2.8070621859701388e-05 193438 
192344 2 24 0.0002182351485648914 193344 5 0 6.68927484351909e-05 192945 
192417 1 0 1.5507944099720755e-06 193156 2 5 1.1240331589999186e-05 193155 
192427 2 0 2.439466455491027e-07 192623 5 31 0.00037374096235443216 193438 
192499 2 48 3.0677333567344554e-05 193416 5 0 7.178870932661498e-06 193258 
192500 2 0 8.079871062576e-05 192868 5 240 0.00011412823287424117 193471 
192576 1 0 3.859483910073108e-05 192776 2 60 0.0001995659388992429 192975 
192623 2 222 0.003967160390071924 193436 5 0 1.837563042807253e-05 192427 
192654 2 15 0.0001618583799700427 193021 5 0 2.158385152992111e-05 192821 
192680 2 14 4.25919028010005e-06 192689 5 0 6.8712199104948074e-09 193301 
192897 2 0 6.943407059126981e-06 192904 5 72 0.0005332115819408613 193291 
192899 2 56 2.4279300739781168e-05 193265 5 0 1.323262276018534e-05 193198 
192900 2 0 0.0002529520044960125 193459 5 159 0.0016964890130040276 193458 
192904 2 63 2.7635577637387035e-05 193273 5 23 2.5404759862618813e-05 192897 
192973 1 15 1.726234087492493e-05 192974 2 0 3.906706625073435e-06 192975 
192978 1 0 8.580655064570426e-05 192776 2 30 0.00021812223135432018 192581 
193144 2 66 0.0003141952656754379 193359 5 0 0.00031079040732472416 193131 
193155 1 0 1.780604171502975e-05 193156 2 82 0.00012538758378500382 192975 
193190 2 43 0.0016819005650570763 193435 5 0 9.166656594296617e-05 192979 
193258 2 0 1.2424006724230654e-07 192499 5 82 5.309534393276386e-05 192710 
193297 2 45 1.5570309344173685e-05 192843 5 0 3.5023565587098805e-07 192897 
193301 2 0 2.209175275184168e-06 191869 5 282 8.299129722486721e-05 193198 
193371 1 5 0.00010167839241714694 192578 5 0 2.179293058282984e-05 191949 
193414 2 9 0.0010249519995241445 193437 5 0 0.0005231434569758498 193208 
193514 0 0 2.9757313687076822e-05 196317 5 61 6.12438678130009e-05 196321 
193531 0 24 0.00017068906256887688 196339 5 0 0.00012977692493124155 198414 
193537 0 0 7.165446697201488e-06 197470 5 155 8.531086302810122e-06 198456 
193731 0 0 6.417143157641625e-05 193858 5 1709 0.00017483739342377151 197266 
193984 0 0 8.890063516638112e-06 194967 5 675 2.5242774983427753e-05 198462 
194232 0 34 2.5615970823484294e-05 198908 5 239 2.5077233676562933e-05 199050 
194268 0 34 8.736485623472418e-07 193984 5 0 6.047764376563387e-07 198462 
194915 0 38 2.025683015919015e-06 194915 5 0 2.0195848408748016e-07 194915 
194948 0 0 6.7932452421101634e-06 193513 5 35 8.981201225792253e-05 198912 
194990 0 0 1.6927126418906474e-06 197470 5 76 1.5203633581217148e-06 197772 
195008 0 44 0.00022740044190290077 198749 5 0 0.00011544349009723816 198746 
195095 0 0 1.1561874288260523e-06 195391 5 10 6.0945540571126504e-05 197216 
195131 0 0 0.00012670402504381825 198750 5 15 0.0001778844619562476 198790 
195395 0 22 8.846503476919551e-07 193984 5 0 7.80707652329124e-07 194996 
195479 0 3 1.8137257086051957e-06 196317 5 0 2.2597179139190376e-07 195595 
195516 0 0 6.561518253992396e-07 196319 5 24 2.686874174597553e-06 196319 
195622 0 0 4.279833758177758e-07 194232 5 68 2.4031331241757744e-06 197772 
195656 0 120 2.1978664572925956e-06 198454 5 0 1.6277590427164152e-06 197772 
195967 0 5 0.00017406891218424024 198749 5 0 5.7410557815794946e-05 194797 
196011 0 0 2.5639417137738742e-05 196318 5 259 4.4873457362342804e-05 198811 
196012 0 0 1.3957428841302626e-06 196319 5 66 1.3671770115891249e-05 196739 
196319 0 0 2.4651361709842056e-05 198186 5 277 2.6238691290143698e-05 197019 
196320 0 0 1.6312629455516348e-06 196319 5 107 7.805111054452205e-06 196739 
196343 0 256 4.421863457807954e-05 198188 5 0 1.1729091921954261e-05 193984 
196345 0 40 1.4801890171057246e-06 198454 5 0 3.2508048289769684e-07 194232 
196400 0 0 3.307831577591039e-05 198474 5 483 0.00017295160222421623 198289 
197039 0 87 7.688152776961222e-05 198186 5 0 3.411113973046557e-05 194855 
197092 0 0 5.842458467268563e-08 193537 5 53 2.437282415330112e-06 198455 
197093 0 0 1.3461804954150716e-06 193537 5 36 1.5401465045836783e-06 194995 
197385 0 0 3.261675812924215e-05 195131 5 46 0.000172764262370844 198752 
197739 0 71 0.0008464875491690778 198852 5 0 6.583233092899051e-08 193531 
197788 0 43 6.507542313095002e-05 195967 5 0 2.753315436911329e-05 195008 
198193 0 0 6.548039668697546e-07 193984 5 36 9.79589533129919e-07 193568 
199285 3 138 0.00042744551067452603 204049 6 0 8.04394043256191e-05 203603 
199396 3 0 9.48324511236939e-05 201224 6 92 0.0007298907448762827 203897 
199453 3 0 7.704666730019631e-05 201877 6 56 0.00017545725569993538 203145 
199649 3 0 2.2168599753770002e-05 201978 6 14 8.797824024624854e-05 203434 
200054 3 0 2.1847574180100082e-05 203968 6 30 3.734878181988318e-05 202676 
200136 3 66 0.0003652860257298997 203778 6 0 3.374489427005523e-05 200612 
200612 3 170 0.0006781387275445778 203968 6 0 0.0006622296464553964 203970 
200621 3 11 3.071367181378523e-05 203789 6 0 3.075598686194644e-06 199396 
200776 3 81 0.0003173748895480038 201266 6 0 1.4834714520272616e-06 203133 
200957 3 0 1.0878702494651604e-06 203972 6 27 6.311810425052609e-05 202676 
201264 3 0 2.4350994757651347e-06 201266 6 16 5.13192245242526e-05 202642 
201355 3 0 0.00012459176439121535 204183 6 45 0.0009027951796088206 204051 
201410 3 0 5.354184142361281e-07 200612 6 7 3.520615158576476e-05 203303 
201502 3 30 0.00015039155033486648 200275 6 0 2.8253848665158824e-05 199650 
201728 3 0 8.096731131548388e-05 202504 6 64 0.0002137681576847348 203534 
201998 3 0 3.0932456567742226e-05 202504 6 63 0.00014334686093237138 201728 
202240 3 0 1.376072683247609e-05 203968 6 43 5.301029066753845e-05 203970 
202508 3 0 6.071648571028763e-05 201218 6 69 5.7049819289739725e-05 201728 
202509 3 0 6.170256564295794e-05 203141 6 48 0.00016551408135703993 203534 
202662 3 0 4.117449357026802e-07 199285 6 4 1.1723048064303767e-05 203603 
203133 3 0 0.00016117158829695758 201266 6 45 0.0004308122532031978 203880 
203138 3 0 6.233460923488894e-05 200021 6 56 6.274397526502548e-05 202747 
203147 3 0 1.8083064227561583e-06 203177 6 7 4.6346720772715496e-06 203146 
203177 3 25 6.075058887896019e-05 203789 6 0 5.380331162105195e-05 203146 
203347 3 0 6.771061836018332e-06 200136 6 16 0.00010588685566398918 200779 
203877 3 42 0.00011178846242014556 200021 6 0 5.500184157981188e-05 199650 
210755 0 0 0.0001909908520909394 212429 5 61 0.0009818969899092313 212436 
210899 0 0 0.0005223301958014447 212688 5 24 0.0011620990836987667 211948 
210923 0 0 7.224340126124505e-05 212529 5 30 0.0015423474682389109 212691 
211028 0 0 0.0015243014918886958 211356 5 58 0.0017957894361117078 212168 
211042 0 13 0.00021873675779296656 212409 5 0 5.360633220708058e-05 212175 
211076 0 0 2.3510777403043652e-05 212698 5 3 8.048416409694455e-05 211574 
211168 0 34 0.0007532310231227478 211651 5 0 0.0001833157168774549 212686 
211175 0 0 0.0005317881712024672 212688 5 13 0.0006062738152976016 211948 
211430 0 15 0.0005622722025166285 211169 5 0 0.00015456665448356744 211431 
211431 0 32 0.0006951227062355784 211651 5 0 0.0001258629847644775 211952 
211469 0 68 0.001121437160431864 211726 5 0 0.0002491420745681838 210804 
211472 0 62 0.0010062471677395617 212019 5 0 0.00019514111126054943 211573 
211535 0 0 0.00018378393912089685 211338 5 3 0.0002525037328792173 212557 
211841 0 0 1.1815245012468433e-05 211955 5 15 4.702453648757184e-05 212689 
211854 0 0 5.5436522026913846e-05 211469 5 38 0.00036247909997315863 211074 
211955 0 12 0.00021536545978053753 211190 5 0 4.617567821951863e-05 212689 
212017 0 13 0.001416111502766398 212698 5 0 5.969132373365315e-05 211535 
212140 0 0 1.3381071508230089e-05 211175 5 8 0.00012507283799178094 211842 
212143 0 0 0.00035581516130769723 211647 5 26 0.0008577741471925157 212157 
212415 0 3 0.0003611481533570101 210971 5 0 6.208501464303688e-05 211073 
212510 0 0 1.6787668703732224e-06 211980 5 5 9.453532062961906e-05 211810 
212529 0 32 0.00024403314760585568 211173 5 0 0.00010837258989426706 211557 
212776 0 0 2.7813776208999625e-07 215806 4 39 0.00046805952773794275 216415 
212778 0 100 8.991002195707736e-05 216531 4 0 8.38575330429611e-05 216353 
212794 3 221 0.0034321247587451903 216547 4 0 3.5503537548910876e-06 214535 
212802 0 0 1.1947185313132901e-06 214270 3 6 1.0583971468667993e-05 215227 
212854 3 40 0.0003711741114151885 216516 4 0 0.00012187635858482586 215364 
212876 3 52 0.00039344732456123824 215112 4 0 0.00027751342843884274 216114 
213009 3 20 4.872643440061785e-06 215193 4 0 1.6317955599444026e-06 214467 
213020 3 64 0.0002743536166936427 216334 4 0 3.306798064083826e-07 215261 
213147 3 30 0.00016027013462006654 216427 4 0 1.5328759379905775e-05 216226 
213286 0 0 3.329325880215693e-06 214807 3 8 5.183852119784686e-06 214637 
213391 0 5 5.554413159301212e-06 212895 4 0 4.816834069684928e-08 215815 
213438 0 0 5.584703772925041e-06 212778 4 26 6.58376667271441e-05 216353 
213545 0 49 4.6408210322785237e-05 215979 4 0 2.9496906772765544e-06 214913 
213582 3 0 6.255253209341381e-06 215675 4 11 1.6135155290679557e-05 216652 
213663 3 0 1.2093661641126433e-05 213662 4 32 4.196442485887782e-05 216513 
213674 0 0 7.704388054691562e-07 214199 4 27 3.310417519451771e-05 214296 
213690 0 67 3.692699243973501e-05 216355 4 0 1.7556349560335927e-05 212938 
213772 0 0 7.341545732895734e-05 213889 3 183 0.0004321539921710619 215702 
213793 0 0 0.00010661464759508443 215746 4 133 0.0003545285684053439 215940 
213838 3 359 0.0012019408927840122 216557 4 0 5.315367715896831e-06 215681 
213853 3 0 2.1712241727475892e-06 215045 4 66 0.00016645457282722095 216174 
213880 3 0 2.1842009201293568e-05 215675 4 13 0.0001327742062987278 216652 
213896 0 26 7.0705179987592504e-06 214841 4 0 6.609578501257604e-06 215120 
213953 0 14 3.0045777570429758e-05 214525 4 0 1.3891288429689825e-05 214913 
214050 0 27 0.00010733876080093264 216471 4 0 4.5032910199175374e-05 213793 
214086 0 273 0.0003230039032395893 216611 4 0 8.120260422418179e-09 215722 
214199 0 16 5.576439885742223e-06 214807 4 0 4.195918114253028e-06 214296 
214270 0 0 2.3124835857259686e-05 213889 3 68 0.00017992249964274534 215588 
214271 0 11 1.4670358275335984e-05 214807 3 0 8.623502246462508e-07 213980 
214312 3 81 0.0006745498217060649 215673 4 0 0.0002116667047940525 213814 
214370 0 0 3.623675420528777e-05 215633 4 71 0.00014763261529477214 216415 
214436 0 93 0.0003724621869663097 216387 4 0 3.828844533751419e-06 215806 
214453 0 8 1.1600332186425996e-05 216307 4 0 5.862923135817395e-07 213896 
214476 3 9 1.6992582831608817e-05 216092 4 0 9.258664668415898e-06 216174 
214507 3 0 1.818849411113583e-05 213020 4 4 2.866341488890312e-05 215261 
214535 3 62 0.0012952746251194106 216268 4 0 0.0013256223148806002 216599 
214603 0 58 0.0002785576304861495 213816 3 0 4.973977351389255e-05 215702 
214637 0 0 6.34700208632094e-07 213286 3 2 7.916972036186737e-05 216192 4 0 8.536818929502601e-06 213674 
214725 0 0 1.577146856330865e-06 215881 3 39 1.5881407143666392e-05 216425 
214749 0 23 1.0798333239298741e-06 213184 4 0 6.760490107683925e-13 214807 
214766 0 4 1.4050562497809463e-06 215583 4 0 3.572825021843972e-08 215722 
214807 0 39 0.00026412274358997544 215704 3 0 9.129164721484207e-07 213980 4 0 2.284363693787506e-05 214296 
214878 0 101 1.2402719833837183e-05 215868 4 0 5.136781666189867e-06 215283 
214907 0 0 3.2658803302608365e-06 214833 4 98 7.806424566976734e-05 214954 
214913 0 0 3.435252944513904e-05 214506 4 36 9.33312085550404e-05 216470 
215125 0 0 2.762010696763411e-05 214646 4 103 4.202625653234789e-05 216285 
215208 3 0 3.979021715714071e-05 216092 4 404 0.00018319547884287975 216436 
215261 3 0 2.167124990668592e-05 214481 4 308 0.0008940602760934244 216647 
215270 3 0 8.61845727110372e-05 213020 4 110 0.0005724886537889229 215687 
215283 0 0 0.00010084299127075676 216316 4 1075 0.00015352333722930072 216524 
215353 3 1431 0.0003056312343476856 214962 4 0 0.00010775974865231104 215270 
215583 0 87 4.651349157604912e-05 215775 4 0 3.07819709239519e-05 215720 
215608 3 29 0.00030602255517400944 216192 4 0 5.509872382602701e-05 214190 
215681 3 0 1.0121820252754962e-05 216557 4 102 9.365763074724563e-05 216513 
215703 0 37 0.00010073290329934763 215764 4 0 1.132770200681629e-06 212873 
215722 0 42 2.850968152828243e-05 215142 4 0 7.523554471730025e-06 215720 
215806 0 131 0.0008533935423286139 216663 4 0 7.937852867154397e-05 216415 
215815 0 0 4.528643582167141e-05 215775 4 47 0.00019142208217842933 215618 
215896 3 0 3.1069608185972994e-07 215608 4 57 0.0001416007134181391 216595 
215977 0 0 8.596970493390377e-07 214050 4 43 0.00012560985795066957 215082 
216094 3 0 6.83275924697563e-07 212794 4 9 4.865312075308892e-06 216095 
216188 0 0 8.699198825160351e-05 215921 3 16 0.00010905612024840659 215702 
216226 3 0 8.170577856790685e-07 213147 4 131 0.0005603318462144008 216432 
216234 3 194 0.00019954117764914983 216557 4 0 4.745147885083932e-05 215482 
216400 0 129 6.0653434824584246e-06 216400 4 0 1.1210595175460323e-06 216400 
216414 0 0 2.84229340643559e-06 214763 4 7 5.444006093566803e-06 214370 
216580 3 23 7.32414825641624e-05 213557 4 0 8.368799358232537e-07 216095 
216701 0 0 0.0003704139073461274 220862 4 152 0.0003127732401539196 224024 
216720 0 24 0.0003952172313095769 224204 4 0 6.748496719046492e-05 221256 
216766 1 80 0.00024368878434234036 223997 4 0 7.656961215778061e-05 218708 
216807 1 412 0.00016011354013505428 223741 4 0 9.491288649305337e-07 217999 
216817 0 39 8.745639280070964e-05 223793 4 0 6.0817358199386883e-05 223791 
216882 1 11 1.9207949920767047e-05 224614 4 0 4.662907923351785e-08 221719 
216950 1 5 0.0002546505040998461 223910 4 0 2.6131468400169828e-05 219218 
216958 1 0 2.4275684192178634e-06 217840 4 4 0.0012324146555807683 221982 
217005 1 867 0.00035404031093639926 224642 4 0 5.338702856387313e-05 223646 
217012 0 18 0.00033473175421764857 223887 1 0 4.418456678242283e-05 31993 
217017 0 0 2.5394803043732834e-05 222740 4 27 8.714215345633777e-05 222371 
217035 1 0 2.2151345241085474e-05 222491 4 13 2.9859139758979793e-05 223693 
217059 0 0 1.4644794048589567e-05 221440 4 47 6.557597345142375e-05 224105 
217068 0 72 6.66517668762258e-05 223635 4 0 1.7325062374602215e-07 223162 
217270 1 426 4.176891982882078e-05 224614 4 0 7.044211712294214e-07 222715 
217357 1 0 1.9931425620338416e-06 221857 4 44 2.2254117437982882e-05 224324 
217574 1 98 8.194478492422542e-06 218035 4 0 1.046847507581283e-06 222420 
217575 1 243 2.9573168060339235e-05 224500 4 0 6.042549939703737e-06 222715 
217740 0 0 0.0001482685593601968 219212 4 91 0.00020737542564002132 223597 
217745 1 12 0.0002323917081193025 222857 4 0 2.8733588807654347e-06 218708 
217822 1 36 1.8509760371367907e-06 223454 4 0 1.655701962877082e-06 223454 
217840 1 0 2.9747460763745082e-05 223811 4 2 0.00011582011473631971 216958 
217863 0 0 5.1802873323110514e-05 220859 4 80 0.00010742207817690453 223589 
217999 1 0 1.900153799886124e-06 223452 4 3 3.234802870014173e-05 224375 
218027 1 124 1.928446308556961e-05 224003 4 0 4.737181914442012e-06 223264 
218198 0 17 0.00012482374822786734 223371 4 0 2.322259677212555e-05 222227 
218243 1 1191 0.00011724195343569736 224225 4 0 1.2657300643446867e-06 219885 
218283 1 0 2.2556359861303698e-05 216766 4 36 0.0004969781896387161 224288 
218321 1 0 9.772297725079495e-06 217005 4 105 4.19315927749637e-05 224643 
218561 0 0 5.1545304834673e-07 224297 4 4 6.3343309516652815e-06 223493 
218677 1 0 2.6096726768924983e-10 217575 4 45 8.032747032731685e-06 222420 
218679 1 0 1.883496431181426e-06 217575 4 33 3.5526695688320765e-06 222420 
218708 1 72 0.00044820196727077136 223296 4 0 0.00012305419222948812 224644 
218778 1 7 4.5884034541138826e-05 223177 4 0 6.1899539589227595e-06 219758 
218795 0 47 0.00010945891191759175 224240 4 0 2.59209082395165e-07 220793 
218829 0 72 0.0001617714923586574 222850 4 0 0.0001605949216413463 220820 
218854 1 0 9.14703686873148e-08 221857 4 120 3.169785063129675e-05 223692 
218944 0 0 5.139786421568498e-06 221855 4 3 1.83940410784267e-05 223196 
219017 0 0 2.343286674920535e-05 221157 4 93 0.0004922237657508516 224067 
219707 1 0 2.8615025322868696e-06 220965 4 4 9.328912967752196e-06 216802 
219749 1 0 3.9324824766771906e-06 219741 4 5 7.455665023391146e-06 216802 
219758 1 314 0.00029691237500290994 224525 4 0 3.0441009971048503e-06 217483 
219774 1 0 3.950640671495387e-05 223345 4 44 0.0008869058402851671 223693 
219779 1 100 0.0003648653804743005 224156 4 0 0.0003503575110261618 217204 
219839 1 4 3.895136713169566e-05 222855 4 0 3.057367886833852e-05 217838 
219949 0 0 2.9976362816718823e-05 222166 1 8 0.0005347845621833519 223910 
219974 1 0 3.5408834239483465e-07 220891 4 18 1.975861657605977e-06 220726 
220046 1 0 2.6063181217128818e-05 222515 4 1054 5.682200778297422e-05 126984 
220143 1 0 7.229210487817261e-05 221842 4 137 0.0007902780781218295 222853 
220162 0 7 0.00017689946845148675 221340 4 0 1.19736800485474e-05 223222 
220259 0 0 1.8932685369312658e-05 218258 4 13 3.122753663069337e-05 222360 
220290 0 0 1.4365141784504376e-06 218198 4 40 0.00017681414282152153 222227 
220373 0 2 0.00011068146646915214 224541 4 0 5.23163903084528e-06 223709 
220461 1 21 2.493618200117151e-06 222044 4 0 1.2935897999060537e-06 220046 
220516 1 48 4.675071425699545e-06 221590 4 0 4.0398557432452653e-07 217574 
220698 0 0 2.2332119406072885e-05 220373 4 13 0.00037172209909396475 223709 
220701 0 8 0.0002177561016052928 221096 4 0 4.137288689485072e-05 221256 
220706 0 145 0.000192514425624149 223248 4 0 7.676601687609322e-05 223059 
220708 1 115 2.9561067230685978e-05 223303 4 0 1.6493276932059582e-07 220046 
220726 1 0 7.165595633033216e-07 219671 4 28 0.0002465358239367071 219252 
220793 0 0 0.00015581863004469264 222831 4 161 0.0004544898939557087 224118 
220891 1 89 2.1306298250649955e-05 224134 4 0 5.829297249421666e-06 217840 
220918 0 90 0.00030998360751709013 223872 4 0 0.00022384378848312928 222844 
221126 0 0 6.591431782385034e-06 222129 4 3 0.00010916609721767889 220117 
221145 0 0 2.8662149182835902e-05 224240 4 17 5.537297181715868e-05 222827 
221216 0 0 2.6803759840447706e-07 221765 4 9 2.8726243901590336e-05 223214 
221719 1 0 1.0859767323680929e-05 217271 4 8 3.5922181676382515e-05 223266 
221738 1 2 4.702927141184988e-06 223851 4 0 8.274235882231098e-08 222728 
221765 0 0 9.303705977705415e-05 223085 4 20 0.0002855467447229751 223214 
221806 1 0 2.8822915316452304e-05 221722 4 9 0.0001640745861836484 223810 
221855 0 83 0.0005739234425795227 223956 1 0 8.096111394994591e-05 216950 4 0 2.1752820470550988e-05 218944 
221988 1 0 8.804871232540714e-06 221842 4 7 2.3664285267445705e-05 216827 
222042 0 57 4.253057293785242e-05 221132 4 0 3.279375206215113e-05 224101 
222044 1 37 5.909648340953973e-06 223204 4 0 1.322610659049244e-06 219286 
222082 1 88 9.906944088538401e-06 223070 4 0 4.241364114708884e-07 219286 
222129 0 19 0.00046304902480836016 222314 4 0 3.1033281916687985e-06 223114 
222164 0 0 3.983560357253193e-05 224104 4 14 9.179636492750588e-05 223113 
222165 0 0 0.0001022530793204275 224071 4 92 0.00021467551917968216 224101 
222247 0 0 9.319748759748865e-06 220706 4 71 0.00014652950074028157 222361 
222382 0 15 8.518413155770496e-05 224603 4 0 1.3711655442340896e-05 223709 
222420 1 0 5.8887390074972725e-06 218035 4 157 3.597347599252623e-05 224403 
222594 0 4 1.2306524635448629e-05 220984 1 0 7.1332758645305675e-06 31993 
222715 1 0 9.504955755057203e-07 217270 4 148 1.6761131424517022e-05 221276 
222725 1 0 3.661342785458077e-07 220671 4 1 2.3105374721456264e-05 217839 
222728 1 0 3.577812532634486e-06 223851 4 17 3.554279646745323e-05 224397 
222793 0 117 8.515122009816899e-05 224602 4 0 1.4064989018308317e-06 223056 
222800 1 125 0.0001510128908014674 221722 4 0 6.20254776985386e-05 219797 
222839 1 0 2.646523991381609e-05 222037 4 60 8.820784958628773e-05 222084 
222842 0 16 1.6342264215023365e-05 219826 4 0 5.735080784981195e-06 219140 
223056 0 0 2.3441011423029376e-07 222382 4 5 3.11493293857747e-05 223709 
223113 0 0 1.3931534085046567e-05 224104 4 20 0.00031006952391495336 223762 
223114 0 0 3.559941698327029e-06 222129 4 5 2.191200530168602e-05 224067 
223162 0 31 0.00013512024856369707 224082 4 0 9.708030936381995e-06 223059 
223233 1 0 2.309666836950864e-05 221842 4 17 4.198476163049383e-05 218756 
223412 0 0 4.005149403911484e-06 221855 4 15 1.1942046596080986e-05 222462 
223454 1 115 8.33937909810961e-05 221362 4 0 4.6783930518957984e-05 224643 
223657 1 64 1.467369543407008e-06 221707 4 0 8.763229566041011e-07 217682 
223658 1 0 4.1807727191149146e-07 221707 4 25 8.502937280983835e-07 217682 
223669 1 0 1.2378102775731295e-07 218321 4 32 8.789504722595411e-07 218321 
223912 0 0 4.918069340659825e-09 221855 4 13 3.835524930660278e-06 219977 
223996 1 33 3.832026659527777e-06 217574 4 0 4.511438404802978e-07 222420 
223998 1 8 0.00018168634802304278 222426 4 0 4.078538897710428e-05 218793 
224047 0 0 2.012299133933104e-05 221135 4 16 3.011487366070403e-05 222416 
224074 0 0 1.0964897468169634e-06 224047 4 2 9.512774753192072e-06 217390 
224270 0 0 3.228636322328099e-05 219823 4 25 6.83508067767395e-05 223791 
224297 0 24 6.191448070802278e-05 224071 4 0 4.317477791994319e-06 219405 
224324 1 0 2.435170266150899e-08 223851 4 6 1.443484529735681e-05 223692 
228788 0 15 0.0006238146158124967 230955 3 0 8.94491316875486e-05 227372 
230547 0 43 0.00034948444202105 230843 3 0 7.912854197893494e-05 227372 
243454 1 0 5.8479512586419525e-05 245629 6 21 0.00011454727591358343 247202 
243480 1 38 6.819037774896112e-05 247442 6 0 1.4935961751073344e-05 247216 
243508 1 3 1.6588226713859146e-06 246224 4 0 5.260428286150138e-07 247556 
243513 1 2 1.899372184192581e-05 246363 6 0 6.6911946580660985e-06 246725 
243548 1 21 4.36289717953936e-05 247656 6 0 5.894343704608213e-06 243909 
243591 1 0 5.607283968840787e-06 247442 6 38 4.8801814531181065e-05 247215 
243720 1 2 4.72874215168021e-06 243865 4 0 1.2683103483463578e-06 247068 
243723 1 0 1.5082649095382197e-08 244898 4 7 7.843983850901396e-06 243485 
243761 1 3 2.3410356961711557e-06 244805 6 0 1.0744358038364364e-06 243909 
243789 1 0 3.7774404447192515e-05 247232 6 245 0.00026841973405271666 247226 
243810 1 8 0.0007951955187607321 247635 6 0 1.660794423930306e-05 246764 
243858 4 59 0.0002442421023321251 246023 6 0 7.584195516784748e-05 247535 
243865 1 4 0.00020991382511087602 246976 4 0 0.00010083503788924988 247068 
243909 1 0 6.229567120755284e-06 244951 6 1 6.843594137922321e-05 246990 
243988 1 60 0.0005238400176314988 245590 6 0 5.394108836856527e-05 247199 
243989 1 4 0.00010234664719213651 245629 6 0 2.546350307843023e-06 245042 
244024 1 0 9.124449765157759e-05 246773 4 83 0.00022468487136306274 247305 6 0 9.48075098531266e-06 246078 
244093 1 0 3.1164086419635773e-06 246804 4 22 1.949559985801589e-05 245297 
244530 1 11 3.18795631843747e-05 244491 6 0 1.3616678156225682e-06 246764 
244560 1 114 0.0001572213931291515 246024 4 0 0.00021667390037088518 247020 
244569 4 0 1.9801833804485243e-05 245928 6 66 0.00018926881569547086 247528 
244614 1 14 0.0001284821636213958 246118 4 0 3.016232878594235e-06 245080 
244709 1 62 0.00022434469693037804 247442 6 0 1.4019656960119735e-07 245227 
244809 4 0 0.00020507287633233023 244023 6 120 0.000585966740667638 246575 
244898 1 132 0.00012079388726826834 246804 4 0 1.1829628731825214e-05 247484 
244953 1 0 2.001604252209356e-06 244805 6 9 4.881266247807737e-06 243909 
245042 1 0 1.9404254572846526e-05 243454 6 6 0.00011532874342715488 247202 
245080 1 0 0.0002472072988026603 246118 4 50 0.0011916105011973866 246655 
245092 1 0 0.00022001017429654833 244491 6 101 0.001192492874203501 247633 
245148 4 262 0.0008257564785660034 247595 6 0 2.8429432434059696e-05 245947 
245194 1 0 7.112045012206858e-05 246473 6 150 0.00014991320437795217 247547 
245215 1 0 2.522146748499754e-07 246364 6 103 0.00015326957482517114 247394 
245227 1 38 0.00031879166086445237 247272 6 0 8.588989635524468e-06 244251 
245263 4 0 8.310540139513813e-05 247305 6 145 0.00033520880960489135 246078 
245272 1 7 4.529012151468103e-05 247116 6 0 2.4946254985327284e-05 247659 
245273 1 8 2.5947276858751485e-05 244710 6 0 2.1104414122803358e-07 246749 
245400 1 18 6.386663700616025e-05 246846 6 0 3.508570999386469e-05 246692 
245407 1 0 5.076752912253256e-06 244778 6 2 2.9593888087726015e-05 246587 
245541 1 3 5.837903185960227e-06 247600 6 0 3.8139658140499463e-06 247343 
245545 1 0 8.734947830926267e-06 245927 6 77 7.605026766906323e-05 245966 
245927 1 209 0.00011667144168892169 247549 6 0 3.6580927311100187e-05 246473 
246125 1 4 4.684761145814675e-05 247028 6 0 1.739666804186462e-05 245047 
246126 1 1 0.00011034249084756956 244531 6 0 4.1222512652409475e-05 245047 
246153 1 0 0.00015275430328859168 247507 4 77 0.0002143930927115897 245078 
246224 1 129 0.0009473026520778131 247507 4 0 2.9603979922191792e-05 247556 
246233 1 61 0.00016446232414119605 246740 6 0 8.538084858801062e-06 246282 
246350 4 130 0.00016550495920157203 245601 6 0 4.209313779844485e-05 247273 
246364 1 53 0.0001762774755989839 247442 6 0 7.400869440111617e-05 244707 
246473 1 154 0.0001626867105486267 247549 6 0 0.00012516185645133337 247547 
246650 4 0 4.054102105267862e-05 245601 6 648 0.002279228367947304 247273 
246667 1 0 8.413464903028036e-05 245590 6 74 0.00010839179146983066 247199 
246692 1 10 9.332485989687009e-05 247144 6 0 7.176017110316802e-05 247011 
246749 1 0 7.28062947464542e-05 243447 6 17 0.00011128402925359274 247395 
246764 1 0 7.115044326802303e-05 243810 6 27 0.0014061338482319033 247633 
246773 1 97 0.0005909080351106685 246662 4 0 2.268500388932181e-05 244717 
246777 1 0 1.3310312244848292e-06 244898 4 15 1.6356769775551736e-05 245297 
246806 1 0 9.833789713739281e-06 247600 6 28 2.635417478627333e-05 246586 
247216 1 0 5.947386886084899e-07 243591 6 28 0.0001358179333113366 247215 
247222 1 211 0.0013415158699028567 246905 4 0 1.4402023097220571e-05 244287 
247223 1 17 1.259426063191078e-05 246224 4 0 6.241236811041518e-08 246153 
247232 1 0 6.993628295640404e-05 247144 6 180 0.00011346088504358216 247226 
247266 1 36 8.163160520041846e-05 245038 4 0 2.505553479980671e-05 246970 
247270 4 0 0.0003963217232324346 247157 6 609 0.0015824815667675447 247106 
247300 1 22 2.897308299922971e-05 246773 4 0 4.145243500805736e-06 244560 
247374 1 27 1.1603964941322587e-05 247600 6 0 5.42448005868713e-06 246966 
247456 4 136 0.001004103429912783 245818 6 0 5.5132555871707e-06 244931 
247583 1 26 3.5115101836562923e-05 246804 4 0 3.548801634542944e-07 243720 
247591 4 79 9.749225448575984e-05 245601 6 0 4.8208637514266065e-05 244944 
249714 1 26 0.0013704795153695966 250558 5 0 0.0002569688796305089 250134 
249715 1 0 6.947013556535354e-05 249714 5 32 0.0017784544929347749 250315 
249736 1 8 0.0002381540162294361 249735 5 0 0.0002527577042705856 250315 
249810 1 0 0.00041513669324215013 249774 5 42 0.0005594362537582246 250200 
249844 1 21 0.00025725716940180285 249982 5 0 0.0001700119425982647 250572 
249848 1 105 0.002466190991302509 250301 5 0 0.0024350151866977007 250134 
249860 1 58 0.000328212813628469 250558 5 0 8.823248737149325e-05 249715 
249935 1 42 0.0012825506980523515 250375 5 0 4.880664644788617e-05 249844 
249978 1 19 0.0015673896040501408 250301 5 0 0.00020364778644989078 250302 
250302 1 0 0.000729327548479676 250303 5 72 0.003568183080020577 250498 
250439 1 0 5.398746417010585e-06 249935 5 44 7.330462308300373e-05 250200 
250449 1 12 0.0007604225942857082 250454 5 0 5.690732214343021e-06 192582 
250455 1 4 0.00025784611575111285 250558 5 0 2.3168921248932174e-05 249715 
250567 1 4 0.00010128444970980824 250303 5 0 6.080193629020613e-05 250572 
250585 1 0 3.462390205684587e-06 249860 5 5 4.592693879432746e-05 249715 
