5818 0 0 1 83 
5911 0 0 1 36 
6110 0 55 1 0 
6135 0 0 1 62 
6185 0 0 1 1 
6389 0 0 1 152 
6479 0 21 1 0 
6713 0 846 1 0 
7124 0 56 1 0 
7143 0 162 1 0 
7171 0 0 1 196 
7246 0 67 1 0 
7374 0 530 1 0 
7869 0 0 1 48 
7896 0 0 1 448 
7898 0 0 1 1 
7943 0 28 1 0 
7944 0 0 1 41 
7947 0 0 1 52 
7948 0 0 1 61 
8107 0 0 1 142 
8108 0 0 1 1050 
8280 0 148 1 0 
8336 0 65 1 0 
8357 0 40 1 0 
8467 0 1 1 0 
8471 0 0 1 30 
8473 0 0 1 108 
8482 0 27 1 0 
8563 0 0 1 493 
8634 0 34 1 0 
8639 0 108 1 0 
8644 0 56 1 0 
8812 0 0 1 62 
8833 0 0 1 49 
9174 0 0 1 197 
9464 0 0 1 7 
9623 0 0 1 51 
9624 0 0 1 196 
9650 0 494 1 0 
9691 0 15 1 0 
9894 0 94 1 0 
9895 0 84 1 0 
9897 0 118 1 0 
9898 0 91 1 0 
9946 0 76 1 0 
9947 0 0 1 27 
10296 0 120 1 0 
10311 0 213 1 0 
10355 0 29 1 0 
10379 0 240 1 0 
10647 0 0 1 240 
10903 0 16 1 0 
11048 0 0 1 49 
11054 0 0 1 15 
11056 0 36 1 0 
11093 0 0 1 61 
11153 0 34 1 0 
11573 0 890 1 0 
11574 0 0 1 13 
11575 0 0 1 126 
11599 0 41 1 0 
11872 0 0 1 14 
11931 0 27 1 0 
12017 0 130 1 0 
12056 0 2 1 0 
12100 0 11 1 0 
12231 0 0 1 186 
12232 0 49 1 0 
12233 0 44 1 0 
12282 0 166 1 0 
12413 0 107 1 0 
12483 0 83 1 0 
12778 0 0 1 46 
12779 0 0 1 33 
13209 0 86 1 0 
13249 0 0 1 46 
13334 0 0 1 6 
13344 0 0 1 305 
13345 0 0 1 5 
13405 0 62 1 0 
13436 0 0 1 51 
13499 0 0 1 51 
13503 0 62 1 0 
13558 0 153 1 0 
13559 0 0 1 191 
13704 0 27 1 0 
13746 0 0 1 83 
13995 0 0 1 6 
14401 0 1 1 0 
14402 0 9 1 0 
14403 0 0 1 133 
14404 0 0 1 17 
14506 0 0 1 10 
14513 0 64 1 0 
14515 0 48 1 0 
14522 0 68 1 0 
14546 0 0 1 69 
14705 0 52 1 0 
14709 0 78 1 0 
14712 0 94 1 0 
14744 0 0 1 4 
14894 0 0 1 45 
