-71.28647099999999 41.647571
-71.281571 41.648207
-71.28647099999999 41.647571
-71.281571 41.648207
-71.278171 41.647309
-71.28647099999999 41.647571
-71.281571 41.648207
-71.278171 41.647309
-71.276634 41.643648999999996
-71.28647099999999 41.647571
-71.281571 41.648207
-71.278171 41.647309
-71.276634 41.643648999999996
-71.276347 41.640530999999996
-71.28647099999999 41.647571
-71.281571 41.648207
-71.278171 41.647309
-71.276634 41.643648999999996
-71.276347 41.640530999999996
-71.27269199999999 41.638535
-71.28647099999999 41.647571
-71.281571 41.648207
-71.278171 41.647309
-71.276634 41.643648999999996
-71.276347 41.640530999999996
-71.27269199999999 41.638535
-71.27212899999999 41.637063999999995
-71.28647099999999 41.647571
-71.281571 41.648207
-71.278171 41.647309
-71.276634 41.643648999999996
-71.276347 41.640530999999996
-71.27269199999999 41.638535
-71.27212899999999 41.637063999999995
-71.277045 41.638031
-71.28647099999999 41.647571
-71.281571 41.648207
-71.278171 41.647309
-71.276634 41.643648999999996
-71.276347 41.640530999999996
-71.27269199999999 41.638535
-71.27212899999999 41.637063999999995
-71.277045 41.638031
-71.283791 41.637797
-71.28647099999999 41.647571
-71.281571 41.648207
-71.278171 41.647309
-71.276634 41.643648999999996
-71.276347 41.640530999999996
-71.27269199999999 41.638535
-71.27212899999999 41.637063999999995
-71.277045 41.638031
-71.283791 41.637797
-71.28534599999999 41.636852999999995
-71.28647099999999 41.647571
-71.281571 41.648207
-71.278171 41.647309
-71.276634 41.643648999999996
-71.276347 41.640530999999996
-71.27269199999999 41.638535
-71.27212899999999 41.637063999999995
-71.277045 41.638031
-71.283791 41.637797
-71.28534599999999 41.636852999999995
-71.28590799999999 41.638009
-71.28647099999999 41.647571
-71.281571 41.648207
-71.278171 41.647309
-71.276634 41.643648999999996
-71.276347 41.640530999999996
-71.27269199999999 41.638535
-71.27212899999999 41.637063999999995
-71.277045 41.638031
-71.283791 41.637797
-71.28534599999999 41.636852999999995
-71.28590799999999 41.638009
-71.285344 41.640378999999996
-71.28647099999999 41.647571
-71.281571 41.648207
-71.278171 41.647309
-71.276634 41.643648999999996
-71.276347 41.640530999999996
-71.27269199999999 41.638535
-71.27212899999999 41.637063999999995
-71.277045 41.638031
-71.283791 41.637797
-71.28534599999999 41.636852999999995
-71.28590799999999 41.638009
-71.285344 41.640378999999996
-71.288158 41.642948
-71.28647099999999 41.647571
-71.281571 41.648207
-71.278171 41.647309
-71.276634 41.643648999999996
-71.276347 41.640530999999996
-71.27269199999999 41.638535
-71.27212899999999 41.637063999999995
-71.277045 41.638031
-71.283791 41.637797
-71.28534599999999 41.636852999999995
-71.28590799999999 41.638009
-71.285344 41.640378999999996
-71.288158 41.642948
-71.288017 41.645575